FRED_DATA_FILE
FILETYPE= Grid2D
DATATYPE= Double
VERSION= 2
PHYSICAL_MEANING= Irradiance
TITLE= "Irradiance"
INFO= "Produced by Detector Entity Node:  "SNSPD" [21]"
DATAUNITS= "Power/Area"
FRED_FILENAME= "blackbody-studies.frd"
DATETIME= "Thursday, June 27, 2024 17:38:10 (Central Daylight Time)"
ORIGIN_POSITION= 0 0 -0.08
BINARY= FALSE
HOLE_VALUE= 1e+308
!------------------------------------------------------------------------
A_AXIS_MIN= -0.05
A_AXIS_MAX= 0.05
A_AXIS_DIM= 21
A_AXIS_LABEL= "Local X Axis"
A_AXIS_TYPE= Spatial
A_AXIS_UNITS= mm
A_AXIS_DIR= 1 0 0
!------------------------------------------------------------------------
B_AXIS_MIN= -0.05
B_AXIS_MAX= 0.05
B_AXIS_DIM= 21
B_AXIS_LABEL= "Local Y Axis"
B_AXIS_TYPE= Spatial
B_AXIS_UNITS= mm
B_AXIS_DIR= 0 1 0
!------------------------------------------------------------------------
DEA_TIMING= At Trace End
NUMBER_OF_RAYS_USED= 20821
DEA_SIDEDNESS= Both Sides
BeginData
 0.233729999960963 0.233729999960963 0.171989999971274 0.180809999969801 0.156554999973852 0.154349999974221 0.160964999973116 0.0970199999837959 0.0992249999834276 0.0992249999834276 0.136709999977167 0.123479999979377 0.11465999998085 0.105839999982323 0.17860499997017 0.147734999975326 0.147734999975326 0.167579999972011 0.202859999966119 0.224909999962436 0.220499999963172
 0.200654999966487 0.163169999972748 0.158759999973484 0.14111999997643 0.171989999971274 0.123479999979377 0.12788999997864 0.0837899999860055 0.11465999998085 0.125684999979008 0.0771749999871103 0.143324999976062 0.105839999982323 0.125684999979008 0.123479999979377 0.121274999979745 0.14111999997643 0.134504999977535 0.158759999973484 0.169784999971643 0.198449999966855
 0.200654999966487 0.185219999969065 0.154349999974221 0.136709999977167 0.138914999976799 0.121274999979745 0.167579999972011 0.0926099999845324 0.101429999983059 0.0815849999863738 0.0970199999837959 0.116864999980481 0.0815849999863738 0.0992249999834276 0.0749699999874786 0.138914999976799 0.125684999979008 0.138914999976799 0.167579999972011 0.158759999973484 0.180809999969801
 0.160964999973116 0.132299999977903 0.138914999976799 0.110249999981586 0.121274999979745 0.0970199999837959 0.0970199999837959 0.088199999985269 0.06394499998932 0.0683549999885835 0.0661499999889517 0.0970199999837959 0.0948149999841641 0.0904049999849007 0.0793799999867421 0.0992249999834276 0.125684999979008 0.103634999982691 0.116864999980481 0.183014999969433 0.169784999971643
 0.183014999969433 0.160964999973116 0.101429999983059 0.134504999977535 0.103634999982691 0.0859949999856372 0.105839999982323 0.0595349999900565 0.0749699999874786 0.0661499999889517 0.0815849999863738 0.0793799999867421 0.0771749999871103 0.0837899999860055 0.0904049999849007 0.108044999981954 0.123479999979377 0.119069999980113 0.185219999969065 0.165374999972379 0.143324999976062
 0.110249999981586 0.145529999975694 0.119069999980113 0.0970199999837959 0.105839999982323 0.0683549999885835 0.0705599999882152 0.0661499999889517 0.0793799999867421 0.06394499998932 0.0815849999863738 0.0485099999918979 0.06394499998932 0.0705599999882152 0.0771749999871103 0.0595349999900565 0.108044999981954 0.108044999981954 0.0992249999834276 0.143324999976062 0.171989999971274
 0.143324999976062 0.119069999980113 0.112454999981218 0.0771749999871103 0.0551249999907931 0.108044999981954 0.0771749999871103 0.0573299999904248 0.0683549999885835 0.0749699999874786 0.0595349999900565 0.0440999999926345 0.0859949999856372 0.06394499998932 0.0551249999907931 0.0727649999878469 0.0529199999911614 0.0992249999834276 0.119069999980113 0.0992249999834276 0.154349999974221
 0.123479999979377 0.130094999978272 0.116864999980481 0.0727649999878469 0.0992249999834276 0.0573299999904248 0.06394499998932 0.0507149999915297 0.039689999993371 0.0551249999907931 0.0308699999948441 0.0440999999926345 0.0485099999918979 0.0683549999885835 0.0683549999885835 0.0705599999882152 0.0970199999837959 0.105839999982323 0.138914999976799 0.138914999976799 0.119069999980113
 0.116864999980481 0.112454999981218 0.121274999979745 0.0992249999834276 0.108044999981954 0.0904049999849007 0.0529199999911614 0.0573299999904248 0.0595349999900565 0.039689999993371 0.0463049999922662 0.0308699999948441 0.0374849999937393 0.0617399999896883 0.0771749999871103 0.0904049999849007 0.0793799999867421 0.0815849999863738 0.105839999982323 0.101429999983059 0.134504999977535
 0.138914999976799 0.11465999998085 0.088199999985269 0.0727649999878469 0.0749699999874786 0.06394499998932 0.0661499999889517 0.039689999993371 0.039689999993371 0.0154349999974221 0.0132299999977903 0.024254999995949 0.0308699999948441 0.0330749999944759 0.0529199999911614 0.0727649999878469 0.0749699999874786 0.0705599999882152 0.105839999982323 0.119069999980113 0.116864999980481
 0.121274999979745 0.101429999983059 0.101429999983059 0.0793799999867421 0.088199999985269 0.0661499999889517 0.0418949999930028 0.0463049999922662 0.0264599999955807 0.0154349999974221 0 0.0132299999977903 0.0418949999930028 0.0485099999918979 0.0551249999907931 0.0418949999930028 0.0683549999885835 0.0926099999845324 0.0837899999860055 0.103634999982691 0.156554999973852
 0.123479999979377 0.134504999977535 0.121274999979745 0.088199999985269 0.0749699999874786 0.0440999999926345 0.0485099999918979 0.0463049999922662 0.024254999995949 0.0220499999963172 0.0132299999977903 0.024254999995949 0.039689999993371 0.0617399999896883 0.0551249999907931 0.0617399999896883 0.0595349999900565 0.0970199999837959 0.0992249999834276 0.125684999979008 0.123479999979377
 0.116864999980481 0.112454999981218 0.0727649999878469 0.11465999998085 0.0815849999863738 0.0815849999863738 0.0507149999915297 0.0617399999896883 0.0374849999937393 0.0264599999955807 0.0286649999952124 0.0374849999937393 0.039689999993371 0.0551249999907931 0.0551249999907931 0.0661499999889517 0.0661499999889517 0.0705599999882152 0.0948149999841641 0.0926099999845324 0.136709999977167
 0.145529999975694 0.121274999979745 0.108044999981954 0.0948149999841641 0.108044999981954 0.0727649999878469 0.0771749999871103 0.0418949999930028 0.0507149999915297 0.0507149999915297 0.0352799999941076 0.0374849999937393 0.0352799999941076 0.0507149999915297 0.0705599999882152 0.0661499999889517 0.0815849999863738 0.0970199999837959 0.116864999980481 0.103634999982691 0.176399999970538
 0.121274999979745 0.0970199999837959 0.101429999983059 0.0793799999867421 0.0859949999856372 0.0837899999860055 0.0683549999885835 0.06394499998932 0.0771749999871103 0.0595349999900565 0.0749699999874786 0.0683549999885835 0.0771749999871103 0.0529199999911614 0.0485099999918979 0.0661499999889517 0.0793799999867421 0.0904049999849007 0.0992249999834276 0.123479999979377 0.152144999974589
 0.149939999974957 0.14111999997643 0.108044999981954 0.0683549999885835 0.0771749999871103 0.0793799999867421 0.0705599999882152 0.0705599999882152 0.0727649999878469 0.0683549999885835 0.0771749999871103 0.0727649999878469 0.0573299999904248 0.0507149999915297 0.0859949999856372 0.0904049999849007 0.108044999981954 0.123479999979377 0.143324999976062 0.0992249999834276 0.167579999972011
 0.158759999973484 0.152144999974589 0.138914999976799 0.125684999979008 0.101429999983059 0.103634999982691 0.0926099999845324 0.0749699999874786 0.103634999982691 0.108044999981954 0.0771749999871103 0.0705599999882152 0.06394499998932 0.101429999983059 0.0793799999867421 0.0948149999841641 0.0859949999856372 0.147734999975326 0.125684999979008 0.152144999974589 0.143324999976062
 0.171989999971274 0.160964999973116 0.158759999973484 0.125684999979008 0.103634999982691 0.130094999978272 0.103634999982691 0.0727649999878469 0.0727649999878469 0.0793799999867421 0.088199999985269 0.0948149999841641 0.101429999983059 0.112454999981218 0.108044999981954 0.112454999981218 0.105839999982323 0.12788999997864 0.132299999977903 0.121274999979745 0.174194999970906
 0.167579999972011 0.171989999971274 0.189629999968328 0.152144999974589 0.103634999982691 0.0926099999845324 0.108044999981954 0.103634999982691 0.0992249999834276 0.0771749999871103 0.088199999985269 0.103634999982691 0.108044999981954 0.101429999983059 0.088199999985269 0.121274999979745 0.130094999978272 0.136709999977167 0.180809999969801 0.163169999972748 0.158759999973484
 0.211679999964646 0.213884999964277 0.123479999979377 0.189629999968328 0.154349999974221 0.119069999980113 0.121274999979745 0.101429999983059 0.130094999978272 0.110249999981586 0.125684999979008 0.088199999985269 0.125684999979008 0.0595349999900565 0.14111999997643 0.108044999981954 0.123479999979377 0.163169999972748 0.17860499997017 0.183014999969433 0.19183499996796
 0.222704999962804 0.202859999966119 0.20506499996575 0.19183499996796 0.147734999975326 0.152144999974589 0.121274999979745 0.156554999973852 0.123479999979377 0.116864999980481 0.12788999997864 0.0992249999834276 0.147734999975326 0.125684999979008 0.154349999974221 0.160964999973116 0.154349999974221 0.169784999971643 0.187424999968697 0.196244999967223 0.202859999966119

