FRED_DATA_FILE
FILETYPE= Grid2D
DATATYPE= Double
VERSION= 2
PHYSICAL_MEANING= Irradiance
TITLE= "Irradiance"
INFO= "Produced by Detector Entity Node:  "SNSPD" [21]"
DATAUNITS= "Power/Area"
FRED_FILENAME= "blackbody-studies.frd"
DATETIME= "Thursday, June 27, 2024 19:30:06 (Central Daylight Time)"
ORIGIN_POSITION= 0 0 0.02
BINARY= FALSE
HOLE_VALUE= 1e+308
!------------------------------------------------------------------------
A_AXIS_MIN= -0.05
A_AXIS_MAX= 0.05
A_AXIS_DIM= 21
A_AXIS_LABEL= "Local X Axis"
A_AXIS_TYPE= Spatial
A_AXIS_UNITS= mm
A_AXIS_DIR= 1 0 0
!------------------------------------------------------------------------
B_AXIS_MIN= -0.05
B_AXIS_MAX= 0.05
B_AXIS_DIM= 21
B_AXIS_LABEL= "Local Y Axis"
B_AXIS_TYPE= Spatial
B_AXIS_UNITS= mm
B_AXIS_DIR= 0 1 0
!------------------------------------------------------------------------
DEA_TIMING= At Trace End
NUMBER_OF_RAYS_USED= 29695
DEA_SIDEDNESS= Both Sides
BeginData
 0.196244999967223 0.174194999970906 0.227114999962068 0.158759999973484 0.20506499996575 0.174194999970906 0.163169999972748 0.198449999966855 0.171989999971274 0.20506499996575 0.12788999997864 0.216089999963909 0.169784999971643 0.187424999968697 0.165374999972379 0.167579999972011 0.174194999970906 0.229319999961699 0.233729999960963 0.196244999967223 0.213884999964277
 0.227114999962068 0.198449999966855 0.207269999965382 0.165374999972379 0.19183499996796 0.171989999971274 0.165374999972379 0.198449999966855 0.183014999969433 0.154349999974221 0.17860499997017 0.174194999970906 0.171989999971274 0.174194999970906 0.187424999968697 0.160964999973116 0.174194999970906 0.224909999962436 0.20506499996575 0.17860499997017 0.187424999968697
 0.196244999967223 0.174194999970906 0.187424999968697 0.160964999973116 0.14111999997643 0.156554999973852 0.19183499996796 0.185219999969065 0.143324999976062 0.163169999972748 0.149939999974957 0.17860499997017 0.171989999971274 0.167579999972011 0.152144999974589 0.145529999975694 0.171989999971274 0.163169999972748 0.194039999967592 0.207269999965382 0.189629999968328
 0.17860499997017 0.213884999964277 0.176399999970538 0.163169999972748 0.136709999977167 0.187424999968697 0.156554999973852 0.143324999976062 0.0970199999837959 0.167579999972011 0.154349999974221 0.147734999975326 0.147734999975326 0.194039999967592 0.160964999973116 0.180809999969801 0.171989999971274 0.158759999973484 0.163169999972748 0.20506499996575 0.160964999973116
 0.194039999967592 0.147734999975326 0.196244999967223 0.167579999972011 0.145529999975694 0.165374999972379 0.152144999974589 0.130094999978272 0.0837899999860055 0.11465999998085 0.134504999977535 0.138914999976799 0.123479999979377 0.119069999980113 0.116864999980481 0.134504999977535 0.167579999972011 0.171989999971274 0.194039999967592 0.202859999966119 0.202859999966119
 0.200654999966487 0.185219999969065 0.138914999976799 0.156554999973852 0.145529999975694 0.138914999976799 0.149939999974957 0.101429999983059 0.136709999977167 0.119069999980113 0.0926099999845324 0.125684999979008 0.154349999974221 0.121274999979745 0.125684999979008 0.12788999997864 0.165374999972379 0.145529999975694 0.176399999970538 0.180809999969801 0.169784999971643
 0.171989999971274 0.165374999972379 0.19183499996796 0.163169999972748 0.152144999974589 0.121274999979745 0.147734999975326 0.116864999980481 0.119069999980113 0.0970199999837959 0.0661499999889517 0.0661499999889517 0.119069999980113 0.123479999979377 0.105839999982323 0.0992249999834276 0.136709999977167 0.12788999997864 0.194039999967592 0.160964999973116 0.220499999963172
 0.174194999970906 0.169784999971643 0.158759999973484 0.145529999975694 0.125684999979008 0.088199999985269 0.132299999977903 0.0859949999856372 0.0727649999878469 0.101429999983059 0.0573299999904248 0.0815849999863738 0.0859949999856372 0.0926099999845324 0.0970199999837959 0.134504999977535 0.149939999974957 0.163169999972748 0.116864999980481 0.174194999970906 0.169784999971643
 0.167579999972011 0.163169999972748 0.167579999972011 0.143324999976062 0.132299999977903 0.12788999997864 0.088199999985269 0.103634999982691 0.0771749999871103 0.0771749999871103 0.0529199999911614 0.0529199999911614 0.0749699999874786 0.0749699999874786 0.0970199999837959 0.108044999981954 0.143324999976062 0.154349999974221 0.185219999969065 0.171989999971274 0.202859999966119
 0.194039999967592 0.165374999972379 0.125684999979008 0.130094999978272 0.134504999977535 0.110249999981586 0.0970199999837959 0.0793799999867421 0.0485099999918979 0.06394499998932 0.0418949999930028 0.0507149999915297 0.0837899999860055 0.0992249999834276 0.0904049999849007 0.130094999978272 0.121274999979745 0.125684999979008 0.149939999974957 0.187424999968697 0.163169999972748
 0.174194999970906 0.19183499996796 0.132299999977903 0.156554999973852 0.112454999981218 0.101429999983059 0.0793799999867421 0.0595349999900565 0.0859949999856372 0.06394499998932 0.0595349999900565 0.0815849999863738 0.0837899999860055 0.06394499998932 0.11465999998085 0.110249999981586 0.116864999980481 0.125684999979008 0.143324999976062 0.14111999997643 0.202859999966119
 0.147734999975326 0.187424999968697 0.185219999969065 0.132299999977903 0.130094999978272 0.121274999979745 0.101429999983059 0.0705599999882152 0.0661499999889517 0.0683549999885835 0.0595349999900565 0.0463049999922662 0.0551249999907931 0.0992249999834276 0.0727649999878469 0.0904049999849007 0.123479999979377 0.136709999977167 0.147734999975326 0.130094999978272 0.17860499997017
 0.213884999964277 0.158759999973484 0.147734999975326 0.143324999976062 0.132299999977903 0.134504999977535 0.0771749999871103 0.103634999982691 0.0749699999874786 0.06394499998932 0.0749699999874786 0.0705599999882152 0.0727649999878469 0.0926099999845324 0.105839999982323 0.0837899999860055 0.116864999980481 0.134504999977535 0.152144999974589 0.143324999976062 0.165374999972379
 0.174194999970906 0.169784999971643 0.196244999967223 0.158759999973484 0.12788999997864 0.110249999981586 0.0749699999874786 0.103634999982691 0.0837899999860055 0.0815849999863738 0.088199999985269 0.06394499998932 0.0683549999885835 0.125684999979008 0.0970199999837959 0.110249999981586 0.147734999975326 0.17860499997017 0.145529999975694 0.165374999972379 0.167579999972011
 0.176399999970538 0.19183499996796 0.152144999974589 0.156554999973852 0.171989999971274 0.123479999979377 0.125684999979008 0.0970199999837959 0.101429999983059 0.121274999979745 0.0948149999841641 0.0970199999837959 0.0837899999860055 0.0992249999834276 0.0904049999849007 0.158759999973484 0.165374999972379 0.152144999974589 0.167579999972011 0.149939999974957 0.209474999965014
 0.17860499997017 0.185219999969065 0.174194999970906 0.145529999975694 0.14111999997643 0.11465999998085 0.14111999997643 0.112454999981218 0.116864999980481 0.101429999983059 0.101429999983059 0.108044999981954 0.143324999976062 0.0948149999841641 0.143324999976062 0.145529999975694 0.147734999975326 0.136709999977167 0.174194999970906 0.169784999971643 0.213884999964277
 0.209474999965014 0.185219999969065 0.169784999971643 0.169784999971643 0.171989999971274 0.147734999975326 0.147734999975326 0.156554999973852 0.101429999983059 0.130094999978272 0.110249999981586 0.12788999997864 0.123479999979377 0.147734999975326 0.147734999975326 0.143324999976062 0.17860499997017 0.169784999971643 0.180809999969801 0.174194999970906 0.189629999968328
 0.198449999966855 0.198449999966855 0.183014999969433 0.20506499996575 0.130094999978272 0.189629999968328 0.180809999969801 0.12788999997864 0.165374999972379 0.132299999977903 0.147734999975326 0.136709999977167 0.121274999979745 0.154349999974221 0.158759999973484 0.138914999976799 0.17860499997017 0.196244999967223 0.209474999965014 0.167579999972011 0.19183499996796
 0.20506499996575 0.187424999968697 0.198449999966855 0.185219999969065 0.130094999978272 0.163169999972748 0.171989999971274 0.160964999973116 0.132299999977903 0.174194999970906 0.112454999981218 0.187424999968697 0.145529999975694 0.167579999972011 0.160964999973116 0.194039999967592 0.149939999974957 0.167579999972011 0.167579999972011 0.169784999971643 0.209474999965014
 0.180809999969801 0.183014999969433 0.189629999968328 0.25577999995728 0.189629999968328 0.207269999965382 0.176399999970538 0.14111999997643 0.163169999972748 0.147734999975326 0.158759999973484 0.174194999970906 0.187424999968697 0.185219999969065 0.17860499997017 0.194039999967592 0.160964999973116 0.202859999966119 0.196244999967223 0.207269999965382 0.235934999960594
 0.187424999968697 0.196244999967223 0.180809999969801 0.198449999966855 0.198449999966855 0.174194999970906 0.207269999965382 0.20506499996575 0.147734999975326 0.174194999970906 0.167579999972011 0.14111999997643 0.17860499997017 0.189629999968328 0.211679999964646 0.180809999969801 0.224909999962436 0.143324999976062 0.211679999964646 0.185219999969065 0.229319999961699

