FRED_DATA_FILE
FILETYPE= Grid2D
DATATYPE= Double
VERSION= 2
PHYSICAL_MEANING= Irradiance
TITLE= "Irradiance"
INFO= "Produced by Detector Entity Node:  "SNSPD" [21]"
DATAUNITS= "Power/Area"
FRED_FILENAME= "blackbody-studies.frd"
DATETIME= "Friday, July 05, 2024 14:47:06 (Central Daylight Time)"
ORIGIN_POSITION= 0 0 -0.1
BINARY= FALSE
HOLE_VALUE= 1e+308
!------------------------------------------------------------------------
A_AXIS_MIN= -0.03333
A_AXIS_MAX= 0.03333
A_AXIS_DIM= 21
A_AXIS_LABEL= "Local X Axis"
A_AXIS_TYPE= Spatial
A_AXIS_UNITS= mm
A_AXIS_DIR= 1 0 0
!------------------------------------------------------------------------
B_AXIS_MIN= -0.03333
B_AXIS_MAX= 0.03333
B_AXIS_DIM= 21
B_AXIS_LABEL= "Local Y Axis"
B_AXIS_TYPE= Spatial
B_AXIS_UNITS= mm
B_AXIS_DIR= 0 1 0
!------------------------------------------------------------------------
DEA_TIMING= At Trace End
NUMBER_OF_RAYS_USED= 890882
DEA_SIDEDNESS= Both Sides
BeginData
 1.47577088604082 1.4876802677708 1.53134800078075 1.53531779469075 1.5720383883582 1.60578163659316 1.67525303001808 1.76655828994797 1.71495096911803 1.91939535548278 1.76159604756047 1.80824112600292 1.70800382977554 1.68815486022556 1.61570612136815 1.62761550309813 1.58593266704318 1.55218941880823 1.53035555230325 1.4936349586358 1.47080864365332
 1.50752923732078 1.4886727162483 1.5720383883582 1.59287980638568 1.65044181808061 1.738769732578 1.78045256863295 1.85488620444536 1.91244821614029 1.94420656742025 2.00176857911518 2.00375347607018 1.93924432503276 1.87175782856284 1.81221091991291 1.79335439884043 1.68418506631557 1.69510199956805 1.5700534914032 1.59387225486318 1.53730269164574
 1.53730269164574 1.62761550309813 1.62563060614314 1.71197362368553 1.77350542929046 1.90847842223029 1.91046331918529 2.05039855451262 2.0652852816751 1.99581388825019 2.10994546316255 2.0722324210176 1.96107819153773 2.04841365755762 1.91046331918529 1.85488620444536 1.80724867752542 1.68517751479306 1.68815486022556 1.62662305462064 1.56806859444821
 1.56211390358321 1.61669856984565 1.64349467873812 1.78144501711045 1.95413105219524 2.03154203344014 2.01864020323266 2.09208139056757 2.19628848070495 2.08017200883759 2.09902852991006 2.12780953575753 2.2300317289399 2.10796056620755 2.12979443271253 1.96008574306023 1.97001022783522 1.83900702880538 1.76854318690296 1.61272877593565 1.56409880053821
 1.62662305462064 1.63555509091812 1.81419581686791 1.96901777935772 1.97398002174521 2.06131548776511 2.08811159665758 2.15063585074 2.25980518326487 2.25087314696738 2.22010724416492 2.26278252869736 2.21316010482242 2.18239420201996 2.09009649361257 1.96901777935772 2.01963265171016 1.9015312828878 1.79732419275043 1.76457339299297 1.5770006307457
 1.62662305462064 1.69807934500055 1.97398002174521 2.05833814233261 2.0672701786301 2.1536131961725 2.2349939713274 2.16254523246999 2.1476585053075 2.28759374063483 2.29156353454483 2.29851067388732 2.32232943734729 2.15956788703749 2.17048482028998 2.27270701347235 2.14071136596501 2.05238345146762 1.92634249482527 1.736784835623 1.66334364828809
 1.68616996327056 1.84893151358037 1.97100267631272 2.09902852991006 2.17048482028998 2.25484294087737 2.27072211651736 2.36599717035724 2.33622371603228 2.4027177640247 2.36698961883474 2.30148801931982 2.30248046779732 2.29652577693232 2.38882348533971 2.2340015228499 2.152620747695 2.09108894209007 1.9055010767978 1.8221354046879 1.71991321150552
 1.69708689652305 1.84992396205786 2.01169306389017 2.05833814233261 2.16155278399249 2.21911479568742 2.32232943734729 2.38783103686221 2.41760449118718 2.4771513998371 2.43745346073715 2.45234018789963 2.44837039398964 2.39180083077221 2.30545781322981 2.3133974010498 2.21812234720992 2.11391525707255 2.08314935427008 1.83007499250789 1.71693586607303
 1.71693586607303 1.99879123368268 2.15559809312749 2.18636399592996 2.21216765634493 2.28660129215734 2.22010724416492 2.34515575232976 2.40768000641219 2.52776627218954 2.51188709654956 2.44241570312465 2.39180083077221 2.38584613990722 2.33523126755478 2.19529603222745 2.20025827461494 2.17842440810997 2.02558734257515 1.96306308849273 1.75762625365048
 1.79930908970543 1.86580313769785 2.1496434022625 2.12780953575753 2.16849992333498 2.33920106146477 2.32133698886979 2.42554407900717 2.5674642112895 2.50593240568457 2.53769075696453 2.49898526634208 2.41363469727718 2.48906078156709 2.43447611530466 2.35805758253725 2.28858618911233 2.14269626292001 2.03848917278264 1.95413105219524 1.83007499250789
 1.71098117520803 1.99978368216018 2.12681708728003 2.17445461419997 2.21812234720992 2.33225392212228 2.38485369142972 2.40569510945719 2.4821136422246 2.52875872066704 1.30109995400103 2.52578137523455 2.46821936353962 2.4811211937471 2.34813309776226 2.37790655208723 2.21812234720992 2.14468115987501 2.11887749946004 1.96008574306023 1.70502648434304
 1.79831664122793 1.92733494330277 2.07322486949509 2.10696811773005 2.19529603222745 2.27270701347235 2.36004247949225 2.48806833308959 2.45829487876463 2.47615895135961 2.51387199350456 2.58334338692948 2.52280402980205 2.49997771481958 2.30148801931982 2.26972966803986 2.26079763174237 2.09208139056757 2.0722324210176 1.93229718569027 1.79037705340794
 1.83305233794039 1.93229718569027 2.19132623831745 2.0712399725401 2.18834889288495 2.22407703807491 2.38882348533971 2.36500472187974 2.4027177640247 2.57242645367699 2.53769075696453 2.46127222419712 2.41859693966468 2.38584613990722 2.37889900056472 2.30148801931982 2.2300317289399 2.13078688119002 2.03650427582764 1.87969741638283 1.78541481102044
 1.74670932039799 1.92535004634777 1.9848969549977 2.12383974184753 2.19628848070495 2.2349939713274 2.24293355914739 2.30843515866231 2.42554407900717 2.52677382371204 2.3947781762047 2.42951387291716 2.36103492796975 2.30148801931982 2.3133974010498 2.13574912357752 2.19529603222745 2.13376422662252 2.05635324537761 1.86381824074285 1.71296607216303
 1.68319261783807 1.86183334378785 1.94817636133025 2.03948162126014 2.16254523246999 2.22903928046241 2.28858618911233 2.3143898495273 2.40668755793469 2.32927657668978 2.38683858838471 2.34118595841977 2.22606193502991 2.20522051700243 2.22209214111991 2.18239420201996 2.16651502637998 2.12483219032503 2.01764775475516 1.85389375596786 1.63555509091812
 1.68120772088307 1.7417470780105 1.88068986486033 2.03054958496265 2.05139100299012 2.19430358374995 2.14170381444251 2.24988069848988 2.28362394672484 2.22109969264242 2.29057108606733 2.32927657668978 2.22705438350741 2.18934134136245 2.19331113527245 2.19628848070495 2.11887749946004 1.96405553697023 1.85984844683285 1.74670932039799 1.67624547849558
 1.5740232853132 1.69708689652305 1.82511275012039 1.94023677351026 2.02657979105265 2.16453012942498 2.16849992333498 2.18834889288495 2.18834889288495 2.0682626271076 2.13674157205502 2.21316010482242 2.26179008021987 2.18934134136245 2.16254523246999 2.08612669970258 2.03451937887264 1.88168231333783 1.76854318690296 1.69013975718056 1.59982694572817
 1.55417431576322 1.68914730870306 1.71395852064053 1.83404478641788 1.95413105219524 1.9898591973852 2.02459489409765 2.08513425122508 2.16254523246999 2.13872646901001 2.09803608143256 2.26179008021987 2.18537154745246 2.18636399592996 2.12483219032503 2.02161754866516 1.86580313769785 1.77846767167795 1.61967591527814 1.58891001247568 1.58295532161069
 1.54524227946573 1.61570612136815 1.59089490943068 1.70105669043305 1.72586790237052 1.84793906510287 2.00970816693517 2.03451937887264 1.9898591973852 2.05635324537761 2.03352693039514 2.05734569385511 2.05635324537761 2.00970816693517 1.9829120580427 2.01367796084517 1.8171731623004 1.71197362368553 1.62463815766564 1.50455189188828 1.51149903123078
 1.58196287313319 1.59883449725067 1.49859720102329 1.60081939420567 1.6593738543781 1.80228643513792 1.75167156278548 1.84694661662537 2.03253448191764 1.95313860371774 2.00573837302518 1.97497247022271 2.02360244562015 1.92535004634777 1.83205988946289 1.74869421735299 1.5720383883582 1.64250223026062 1.58593266704318 1.4946274071133 1.42912580759837
 1.39339766240842 1.50554434036578 1.56806859444821 1.60578163659316 1.5700534914032 1.62960040005313 1.71296607216303 1.71098117520803 1.76060359908297 1.85190885901286 1.79136950188544 1.74869421735299 1.70701138129804 1.74869421735299 1.66135875133309 1.59585715181817 1.55615921271822 1.52837065534825 1.53234044925825 1.49760475254579 1.44897477714835

