FRED_DATA_FILE
FILETYPE= Grid2D
DATATYPE= Double
VERSION= 2
PHYSICAL_MEANING= Irradiance
TITLE= "Irradiance"
INFO= "Produced by Detector Entity Node:  "SNSPD" [21]"
DATAUNITS= "Power/Area"
FRED_FILENAME= "blackbody-studies.frd"
DATETIME= "Sunday, July 07, 2024 00:55:32 (Central Daylight Time)"
ORIGIN_POSITION= 0 0 0.04
BINARY= FALSE
HOLE_VALUE= 1e+308
!------------------------------------------------------------------------
A_AXIS_MIN= -0.03333
A_AXIS_MAX= 0.03333
A_AXIS_DIM= 21
A_AXIS_LABEL= "Local X Axis"
A_AXIS_TYPE= Spatial
A_AXIS_UNITS= mm
A_AXIS_DIR= 1 0 0
!------------------------------------------------------------------------
B_AXIS_MIN= -0.03333
B_AXIS_MAX= 0.03333
B_AXIS_DIM= 21
B_AXIS_LABEL= "Local Y Axis"
B_AXIS_TYPE= Spatial
B_AXIS_UNITS= mm
B_AXIS_DIR= 0 1 0
!------------------------------------------------------------------------
DEA_TIMING= At Trace End
NUMBER_OF_RAYS_USED= 109683
DEA_SIDEDNESS= Both Sides
BeginData
 0.478360166154469 0.419805705982033 0.388047354702068 0.37713042144958 0.341402276259619 0.3592663488546 0.337432482349624 0.28582516151968 0.273915779789693 0.332470239962129 0.332470239962129 0.297734543249667 0.328500446052133 0.330485343007131 0.344379621692116 0.360258797332098 0.346364518647114 0.371175730584586 0.448586711829501 0.450571608784499 0.481337511586965
 0.438662227054512 0.42278305141453 0.398964287954556 0.3592663488546 0.330485343007131 0.325523100619637 0.30468168259216 0.270938434357197 0.290787403907175 0.270938434357197 0.253074361762216 0.280862919132186 0.271930882834696 0.308651476502155 0.297734543249667 0.280862919132186 0.33147779148463 0.394002045567061 0.3592663488546 0.409881221207044 0.472405475289475
 0.405911427297048 0.388047354702068 0.383085112314573 0.297734543249667 0.318575961277144 0.290787403907175 0.287810058474678 0.236202737644735 0.218338665049755 0.278878022177188 0.252081913284717 0.227270701347245 0.270938434357197 0.271930882834696 0.264983743492203 0.310636373457153 0.293764749339672 0.315598615844648 0.342394724737118 0.369190833629589 0.390032251657066
 0.389039803179567 0.375145524494582 0.330485343007131 0.308651476502155 0.262006398059707 0.244142325464726 0.252081913284717 0.221316010482252 0.220323562004753 0.22330090743725 0.203451937887272 0.219331113527254 0.213376422662261 0.22330090743725 0.206429283319769 0.272923331312195 0.252081913284717 0.286817609997179 0.34040982778212 0.376137972972081 0.356289003422103
 0.381100215359576 0.329492894529632 0.319568409754643 0.25902905262721 0.261013949582208 0.239180083077232 0.221316010482252 0.186580313769791 0.1786407259498 0.203451937887272 0.166731344219814 0.149859720102333 0.197497247022279 0.193527453112283 0.199482143977277 0.236202737644735 0.270938434357197 0.295749646294669 0.320560858232142 0.352319209512107 0.356289003422103
 0.364228591242094 0.30468168259216 0.269945985879698 0.288802506952177 0.236202737644735 0.193527453112283 0.198489695499778 0.172686035084807 0.156806859444825 0.145889926192337 0.132988095984852 0.154821962489827 0.1786407259498 0.175663380517304 0.176655828994802 0.221316010482252 0.203451937887272 0.230248046779742 0.315598615844648 0.34040982778212 0.387054906224569
 0.33147779148463 0.297734543249667 0.256051707194713 0.2679610889247 0.220323562004753 0.195512350067281 0.167723792697313 0.153829514012328 0.132988095984852 0.121078714254865 0.11710892034487 0.131003199029854 0.114131574912373 0.154821962489827 0.18757276224729 0.190550107679787 0.217346216572257 0.254066810239715 0.275900676744691 0.301704337159663 0.298726991727166
 0.320560858232142 0.296742094772168 0.256051707194713 0.224293355914749 0.193527453112283 0.165738895742315 0.138942786849845 0.118101368822368 0.107184435569881 0.116116471867371 0.0962675023173928 0.0853505690649049 0.0922977084073972 0.12604095664236 0.18757276224729 0.154821962489827 0.192535004634785 0.22330090743725 0.25009701632972 0.306666579547157 0.341402276259619
 0.316591064322147 0.294757197817171 0.27689312522219 0.191542556157286 0.219331113527254 0.185587865292292 0.140927683804843 0.111154229479876 0.0992448477498894 0.0744336358124171 0.0813807751549093 0.0714562903799204 0.0803883266774104 0.109169332524878 0.122071162732364 0.145889926192337 0.174670932039805 0.224293355914749 0.264983743492203 0.282847816087184 0.307659028024656
 0.307659028024656 0.298726991727166 0.25009701632972 0.217346216572257 0.199482143977277 0.147874823147335 0.138942786849845 0.0932901568848961 0.0863430175424038 0.0734411873349182 0.0555771147399381 0.0684789449474237 0.0803883266774104 0.111154229479876 0.123063611209863 0.158791756399823 0.1786407259498 0.222308458959751 0.252081913284717 0.294757197817171 0.303689234114661
 0.314606167367149 0.27689312522219 0.277885573699689 0.24116498003223 0.176655828994802 0.152837065534829 0.127033405119858 0.0893203629749005 0.0833656721099071 0.0555771147399381 0.0535922177849403 0.0545846662624392 0.0684789449474237 0.0982523992723905 0.111154229479876 0.138942786849845 0.164746447264816 0.209406628752266 0.238187634599733 0.272923331312195 0.337432482349624
 0.287810058474678 0.25009701632972 0.237195186122234 0.198489695499778 0.166731344219814 0.15184461705733 0.127033405119858 0.0932901568848961 0.0635167025599292 0.0615318056049315 0.0575620116949359 0.0704638419024215 0.0774109812449138 0.100237296227388 0.111154229479876 0.166731344219814 0.175663380517304 0.216353768094758 0.237195186122234 0.262998846537205 0.306666579547157
 0.34040982778212 0.258036604149711 0.227270701347245 0.234217840689738 0.183602968337295 0.153829514012328 0.135965441417348 0.114131574912373 0.0913052599298983 0.0784034297224127 0.0694713934249226 0.0903128114523994 0.100237296227388 0.0972599507948917 0.127033405119858 0.148867271624834 0.190550107679787 0.229255598302243 0.236202737644735 0.291779852384674 0.325523100619637
 0.318575961277144 0.284832713042181 0.266968640447201 0.228263149824744 0.185587865292292 0.176655828994802 0.15184461705733 0.119093817299867 0.114131574912373 0.0903128114523994 0.100237296227388 0.113139126434874 0.0962675023173928 0.139935235327344 0.133980544462351 0.190550107679787 0.211391525707263 0.238187634599733 0.235210289167236 0.301704337159663 0.346364518647114
 0.363236142764595 0.308651476502155 0.282847816087184 0.248112119374722 0.202459489409773 0.180625622904798 0.162761550309818 0.133980544462351 0.139935235327344 0.124056059687362 0.114131574912373 0.12604095664236 0.118101368822368 0.145889926192337 0.191542556157286 0.182610519859796 0.21436887113976 0.252081913284717 0.293764749339672 0.30468168259216 0.347356967124613
 0.324530652142138 0.305674131069659 0.286817609997179 0.25009701632972 0.227270701347245 0.201467040932274 0.176655828994802 0.168716241174811 0.157799307922324 0.140927683804843 0.138942786849845 0.139935235327344 0.15184461705733 0.165738895742315 0.185587865292292 0.212383974184762 0.228263149824744 0.24116498003223 0.306666579547157 0.299719440204665 0.34040982778212
 0.374153076017083 0.332470239962129 0.339417379304621 0.275900676744691 0.262006398059707 0.230248046779742 0.230248046779742 0.185587865292292 0.165738895742315 0.18757276224729 0.174670932039805 0.174670932039805 0.20543683484227 0.19650479854478 0.224293355914749 0.211391525707263 0.240172531554731 0.280862919132186 0.287810058474678 0.323538203664639 0.396979390999558
 0.380107766882077 0.37713042144958 0.32254575518714 0.301704337159663 0.280862919132186 0.235210289167236 0.242157428509729 0.228263149824744 0.20543683484227 0.213376422662261 0.221316010482252 0.227270701347245 0.201467040932274 0.243149876987227 0.245134773942225 0.261013949582208 0.254066810239715 0.327507997574635 0.330485343007131 0.344379621692116 0.37713042144958
 0.399956736432055 0.371175730584586 0.317583512799645 0.324530652142138 0.288802506952177 0.287810058474678 0.316591064322147 0.240172531554731 0.253074361762216 0.247119670897223 0.243149876987227 0.253074361762216 0.257044155672212 0.278878022177188 0.291779852384674 0.286817609997179 0.323538203664639 0.316591064322147 0.334455136917127 0.380107766882077 0.438662227054512
 0.433699984667018 0.423775499892029 0.389039803179567 0.360258797332098 0.318575961277144 0.323538203664639 0.297734543249667 0.27689312522219 0.271930882834696 0.31361371888965 0.265976191969702 0.281855367609685 0.247119670897223 0.292772300862173 0.270938434357197 0.325523100619637 0.339417379304621 0.343387173214617 0.383085112314573 0.405911427297048 0.38606245774707
 0.466450784424482 0.434692433144517 0.385070009269571 0.38606245774707 0.383085112314573 0.338424930827122 0.321553306709641 0.277885573699689 0.311628821934652 0.310636373457153 0.293764749339672 0.284832713042181 0.318575961277144 0.296742094772168 0.343387173214617 0.341402276259619 0.343387173214617 0.380107766882077 0.439654675532011 0.44064712400951 0.482329960064464

