FRED_DATA_FILE
FILETYPE= Grid2D
DATATYPE= Double
VERSION= 2
PHYSICAL_MEANING= Irradiance
TITLE= "Irradiance"
INFO= "Produced by Detector Entity Node:  "SNSPD" [21]"
DATAUNITS= "Power/Area"
FRED_FILENAME= "blackbody-studies.frd"
DATETIME= "Friday, July 05, 2024 17:31:53 (Central Daylight Time)"
ORIGIN_POSITION= 0 0 -0.09
BINARY= FALSE
HOLE_VALUE= 1e+308
!------------------------------------------------------------------------
A_AXIS_MIN= -0.03333
A_AXIS_MAX= 0.03333
A_AXIS_DIM= 21
A_AXIS_LABEL= "Local X Axis"
A_AXIS_TYPE= Spatial
A_AXIS_UNITS= mm
A_AXIS_DIR= 1 0 0
!------------------------------------------------------------------------
B_AXIS_MIN= -0.03333
B_AXIS_MAX= 0.03333
B_AXIS_DIM= 21
B_AXIS_LABEL= "Local Y Axis"
B_AXIS_TYPE= Spatial
B_AXIS_UNITS= mm
B_AXIS_DIR= 0 1 0
!------------------------------------------------------------------------
DEA_TIMING= At Trace End
NUMBER_OF_RAYS_USED= 632835
DEA_SIDEDNESS= Both Sides
BeginData
 1.1611647186737 1.15421757933121 1.17406654888118 1.21872673036863 1.26239446337858 1.18200613670117 1.25246997860359 1.1641420641062 1.25147753012609 1.26239446337858 1.21674183341363 1.26636425728857 1.2465152877386 1.19193062147616 1.25346242708109 1.20582490016115 1.25445487555859 1.19788531234116 1.19689286386366 1.17406654888118 1.22170407580113
 1.24850018469359 1.19490796690866 1.17803634279118 1.25842466946858 1.22170407580113 1.18200613670117 1.22468142123362 1.25941711794608 1.25544732403609 1.32094892355101 1.29713016009103 1.26338691185608 1.36660155351595 1.23857569991861 1.21971917884613 1.27628874206356 1.17505899735868 1.19590041538616 1.21773428189113 1.2435379423061 1.19887776081865
 1.23262100905361 1.17108920344869 1.23857569991861 1.26636425728857 1.2445303907836 1.30209240247853 1.29713016009103 1.31300933573102 1.35866196569596 1.37057134742595 1.35072237787597 1.29018302074854 1.322933820506 1.29415281465854 1.31400178420851 1.29117546922604 1.25842466946858 1.27231894815356 1.23559835448611 1.21177959102614 1.14330064607872
 1.27033405119857 1.27529629358606 1.21177959102614 1.20780979711614 1.28819812379355 1.39439011088592 1.28323588140605 1.4122541834809 1.39637500784091 1.36560910503845 1.4102692865259 1.48371047386081 1.37454114133594 1.46783129822083 1.31499423268601 1.27728119054106 1.24949263317109 1.30109995400103 1.20483245168365 1.22269652427862 1.25147753012609
 1.2415530453511 1.21971917884613 1.28720567531605 1.26140201490108 1.3239262689835 1.34675258396597 1.45592191649084 1.44599743171585 1.53432534621325 1.67326813306308 1.55516676424072 1.59982694572817 1.63158529700813 1.46882374669833 1.46286905583333 1.34873748092097 1.3298809598485 1.27529629358606 1.28522077836105 1.21277203950364 1.29713016009103
 1.1611647186737 1.26040956642358 1.31300933573102 1.26437936033357 1.34377523853348 1.41721642586839 1.56310635206071 1.63555509091812 1.64150978178312 1.70204913891054 1.70899627825304 1.73281504171301 1.67326813306308 1.56409880053821 1.55318186728572 1.44897477714835 1.29514526313604 1.30705464486602 1.31499423268601 1.24750773621609 1.22964366362112
 1.20780979711614 1.28919057227104 1.26636425728857 1.29613771161354 1.46187660735584 1.53134800078075 1.66135875133309 1.63059284853063 1.76258849603797 1.71495096911803 1.8201505077329 1.76457339299297 1.84496171967037 1.738769732578 1.67922282392807 1.62364570918814 1.46981619517583 1.36560910503845 1.35369972330847 1.25048508164859 1.26040956642358
 1.23162856057611 1.35270727483097 1.27331139663106 1.4122541834809 1.54623472794323 1.6544116119906 1.69907179347805 1.7357923871455 1.70403403586554 1.75365645974048 1.84893151358037 1.84595416814787 1.77648277472295 1.75464890821798 1.74571687192049 1.68517751479306 1.48172557690581 1.39439011088592 1.31300933573102 1.30209240247853 1.28422832988355
 1.21872673036863 1.29316036618104 1.35766951721846 1.47080864365332 1.58891001247568 1.72884524780301 1.72686035084801 1.79533929579543 1.78045256863295 1.79037705340794 1.79930908970543 1.81221091991291 1.77251298081296 1.84496171967037 1.84297682271537 1.62960040005313 1.56112145510571 1.42217866825588 1.36362420808345 1.2395681483961 1.28224343292855
 1.30308485095603 1.29713016009103 1.37156379590344 1.44103518932836 1.58494021856569 1.76159604756047 1.84496171967037 1.80327888361542 1.91443311309529 1.87275027704034 1.79236195036293 1.82809009555289 1.88664455572532 1.80228643513792 1.76556584147047 1.73083014475801 1.59784204877317 1.42714091064338 1.30903954182102 1.23262100905361 1.20681734863864
 1.26239446337858 1.27926608749606 1.29514526313604 1.45592191649084 1.58990246095318 1.7357923871455 1.71197362368553 1.78541481102044 1.83702213185038 1.91244821614029 1.28422832988355 1.95413105219524 1.78442236254294 1.86282579226535 1.78144501711045 1.78739970797544 1.60181184268317 1.43011825607587 1.41324663195839 1.322933820506 1.23262100905361
 1.28323588140605 1.3278960628935 1.4082843895709 1.46088415887834 1.53134800078075 1.75564135669548 1.75266401126298 1.84297682271537 1.86580313769785 1.85885599835535 1.93725942807776 1.79037705340794 1.8995463859328 1.76854318690296 1.77152053233546 1.70204913891054 1.58593266704318 1.43706539541837 1.38148828067843 1.31995647507351 1.25246997860359
 1.26636425728857 1.30308485095603 1.29911505704603 1.41423908043589 1.5760081822682 1.70601893282054 1.84496171967037 1.84099192576038 1.91939535548278 1.78640725949794 1.75167156278548 1.77846767167795 1.78243746558795 1.72686035084801 1.76358094451547 1.77251298081296 1.53730269164574 1.38843542002092 1.322933820506 1.22071162732363 1.20880224559364
 1.22567386971112 1.29117546922604 1.27529629358606 1.322933820506 1.47477843756332 1.61372122441315 1.70601893282054 1.78342991406545 1.77052808385796 1.79831664122793 1.82908254403039 1.85190885901286 1.80724867752542 1.71792831455052 1.6524267150356 1.63357019396313 1.50355944341078 1.36163931112846 1.29812260856853 1.3259111659385 1.22468142123362
 1.23758325144111 1.26834915424357 1.38744297154343 1.31003199029852 1.45294457105835 1.54821962489823 1.62463815766564 1.73182259323551 1.76854318690296 1.80228643513792 1.75861870212798 1.81022602295791 1.75961115060547 1.68021527240557 1.70204913891054 1.57799307922319 1.4916500616808 1.39042031697592 1.33484320223599 1.25048508164859 1.23758325144111
 1.24750773621609 1.28621322683855 1.31598668116351 1.29812260856853 1.35568462026346 1.43508049846337 1.52142351600576 1.66830589067558 1.75266401126298 1.75464890821798 1.62662305462064 1.6563965089456 1.66731344219809 1.69311710261305 1.53928758860074 1.40034480175091 1.34576013548848 1.3259111659385 1.30804709334352 1.17406654888118 1.19391551843116
 1.25048508164859 1.20384000320615 1.30804709334352 1.2465152877386 1.33186585680349 1.37057134742595 1.35072237787597 1.48172557690581 1.56806859444821 1.59387225486318 1.66433609676559 1.5760081822682 1.63654753939562 1.51943861905077 1.45790681344584 1.34476768701098 1.3239262689835 1.30407729943353 1.24850018469359 1.20979469407114 1.2405605968736
 1.20483245168365 1.25842466946858 1.24750773621609 1.31697912964101 1.22765876666612 1.29514526313604 1.29514526313604 1.36064686265096 1.35270727483097 1.40034480175091 1.46882374669833 1.42019377130089 1.43111070455337 1.37454114133594 1.27827363901856 1.33385075375849 1.27033405119857 1.19093817299866 1.21773428189113 1.20384000320615 1.21177959102614
 1.26437936033357 1.18399103365617 1.19689286386366 1.21177959102614 1.26338691185608 1.27926608749606 1.27628874206356 1.32094892355101 1.31300933573102 1.35270727483097 1.34179034157848 1.36957889894845 1.34079789310098 1.33583565071349 1.29613771161354 1.25246997860359 1.22666631818862 1.21574938493613 1.25346242708109 1.22567386971112 1.18597593061117
 1.17605144583618 1.14429309455622 1.18002123974618 1.18597593061117 1.19193062147616 1.28522077836105 1.26735670576607 1.24750773621609 1.28422832988355 1.29216791770354 1.26735670576607 1.27529629358606 1.30705464486602 1.30804709334352 1.22666631818862 1.25147753012609 1.18796082756617 1.25445487555859 1.20284755472865 1.23162856057611 1.21674183341363
 1.15521002780871 1.19590041538616 1.19193062147616 1.23262100905361 1.21574938493613 1.2465152877386 1.26239446337858 1.21674183341363 1.28224343292855 1.20582490016115 1.26437936033357 1.25743222099108 1.2425454938286 1.32094892355101 1.26934160272107 1.19490796690866 1.25544732403609 1.16612696106119 1.12345167652875 1.1631496156287 1.17704389431368

