FRED_DATA_FILE
FILETYPE= Grid2D
DATATYPE= Double
VERSION= 2
PHYSICAL_MEANING= Irradiance
TITLE= "Irradiance"
INFO= "Produced by Detector Entity Node:  "SNSPD" [21]"
DATAUNITS= "Power/Area"
FRED_FILENAME= "blackbody-studies.frd"
DATETIME= "Wednesday, July 24, 2024 03:35:25 (Central Daylight Time)"
ORIGIN_POSITION= 0 0 3.4694469519536e-18
BINARY= FALSE
HOLE_VALUE= 1e+308
!------------------------------------------------------------------------
A_AXIS_MIN= -0.005
A_AXIS_MAX= 0.005
A_AXIS_DIM= 21
A_AXIS_LABEL= "Local X Axis"
A_AXIS_TYPE= Spatial
A_AXIS_UNITS= mm
A_AXIS_DIR= 1 0 0
!------------------------------------------------------------------------
B_AXIS_MIN= -0.005
B_AXIS_MAX= 0.005
B_AXIS_DIM= 21
B_AXIS_LABEL= "Local Y Axis"
B_AXIS_TYPE= Spatial
B_AXIS_UNITS= mm
B_AXIS_DIR= 0 1 0
!------------------------------------------------------------------------
DEA_TIMING= At Trace End
NUMBER_OF_RAYS_USED= 493
DEA_SIDEDNESS= Both Sides
BeginData
 0.132299999697051 0.132299999697051 0.0440999998990169 0 0 0.0881999997980337 0 0.176399999596067 0.0881999997980337 0.0440999998990169 0.0440999998990169 0.0440999998990169 0.176399999596067 0.0440999998990169 0.0881999997980337 0.0881999997980337 0.0881999997980337 0 0 0.0881999997980337 0.0440999998990169
 0.0440999998990169 0 0.0440999998990169 0.0440999998990169 0 0.0440999998990169 0 0.0440999998990169 0 0.0881999997980337 0 0.176399999596067 0.0440999998990169 0.0440999998990169 0.132299999697051 0.0881999997980337 0.0440999998990169 0.0440999998990169 0.0881999997980337 0.0440999998990169 0.0881999997980337
 0 0.0881999997980337 0.0440999998990169 0 0.0440999998990169 0.0440999998990169 0.0440999998990169 0 0 0.0440999998990169 0.0440999998990169 0.0881999997980337 0 0 0.0440999998990169 0.0440999998990169 0 0 0.0440999998990169 0.0440999998990169 0.0440999998990169
 0 0.132299999697051 0.0440999998990169 0 0 0.0440999998990169 0 0.132299999697051 0.132299999697051 0 0.0440999998990169 0.0440999998990169 0 0.0440999998990169 0.0881999997980337 0 0.0440999998990169 0.0440999998990169 0.0440999998990169 0.0881999997980337 0.0881999997980337
 0 0 0.0440999998990169 0.220499999495084 0.0440999998990169 0 0 0 0.0440999998990169 0 0 0.0881999997980337 0 0 0.0881999997980337 0.0440999998990169 0.0440999998990169 0 0.0440999998990169 0 0.0881999997980337
 0.132299999697051 0.0440999998990169 0.0881999997980337 0.0881999997980337 0 0.0440999998990169 0 0.0440999998990169 0.0881999997980337 0 0 0.0440999998990169 0.0440999998990169 0.0440999998990169 0.0881999997980337 0.0440999998990169 0.0440999998990169 0.0440999998990169 0.0440999998990169 0.0440999998990169 0
 0.0440999998990169 0.0881999997980337 0 0.0881999997980337 0 0.0881999997980337 0.0440999998990169 0 0.0440999998990169 0.0440999998990169 0 0 0.0440999998990169 0 0.132299999697051 0.0440999998990169 0.0881999997980337 0.132299999697051 0.0440999998990169 0 0.0440999998990169
 0 0.0881999997980337 0 0 0 0 0.132299999697051 0.0881999997980337 0.132299999697051 0.0440999998990169 0.0440999998990169 0.176399999596067 0 0.0440999998990169 0.132299999697051 0.0440999998990169 0.0440999998990169 0 0.0440999998990169 0.0881999997980337 0.0881999997980337
 0.0881999997980337 0 0.176399999596067 0.0440999998990169 0.0440999998990169 0.0440999998990169 0.0881999997980337 0.0881999997980337 0.0440999998990169 0 0.0440999998990169 0.0881999997980337 0.0440999998990169 0.0440999998990169 0.0440999998990169 0.0440999998990169 0.264599999394101 0 0.0881999997980337 0.0440999998990169 0.0440999998990169
 0.0881999997980337 0.176399999596067 0.0440999998990169 0.0440999998990169 0 0.0881999997980337 0.0440999998990169 0.0440999998990169 0.0440999998990169 0.132299999697051 0.0440999998990169 0 0 0.0440999998990169 0 0.0440999998990169 0.0881999997980337 0.132299999697051 0 0.0881999997980337 0
 0.0440999998990169 0 0.0440999998990169 0 0 0.0881999997980337 0 0 0.0881999997980337 0 0 0 0 0 0 0 0.0440999998990169 0.0440999998990169 0.0881999997980337 0 0.0440999998990169
 0.0881999997980337 0 0.0881999997980337 0.0440999998990169 0.0440999998990169 0.0440999998990169 0.0440999998990169 0.0881999997980337 0.132299999697051 0 0.0440999998990169 0 0 0.0440999998990169 0.0881999997980337 0 0.0440999998990169 0.0881999997980337 0 0.0440999998990169 0.132299999697051
 0.0440999998990169 0.0440999998990169 0.0881999997980337 0.0440999998990169 0.0440999998990169 0.0881999997980337 0.0881999997980337 0.0881999997980337 0.0440999998990169 0.0881999997980337 0.0440999998990169 0 0.0440999998990169 0 0.0881999997980337 0 0.0881999997980337 0.0881999997980337 0 0.0440999998990169 0.0440999998990169
 0.0440999998990169 0.0440999998990169 0.0881999997980337 0 0.0440999998990169 0 0.0440999998990169 0 0 0.0881999997980337 0.0440999998990169 0 0 0 0.0881999997980337 0.0881999997980337 0.0440999998990169 0.132299999697051 0.0440999998990169 0.0440999998990169 0.132299999697051
 0 0.0881999997980337 0 0 0 0.0881999997980337 0.0440999998990169 0 0.0440999998990169 0.0440999998990169 0 0.0440999998990169 0.132299999697051 0.0881999997980337 0.0440999998990169 0.0440999998990169 0.0440999998990169 0.0881999997980337 0 0.0440999998990169 0
 0 0.0440999998990169 0.0440999998990169 0.0881999997980337 0.0440999998990169 0 0.0440999998990169 0 0.0881999997980337 0 0.220499999495084 0.0440999998990169 0.0440999998990169 0 0.0881999997980337 0.0881999997980337 0.132299999697051 0 0 0 0
 0.0440999998990169 0.0440999998990169 0.0881999997980337 0.0440999998990169 0.0881999997980337 0.0440999998990169 0 0.0440999998990169 0 0.0440999998990169 0.0881999997980337 0.220499999495084 0.176399999596067 0.0440999998990169 0 0.0881999997980337 0 0.0881999997980337 0.0440999998990169 0.0881999997980337 0.0881999997980337
 0 0.0440999998990169 0 0.0440999998990169 0.0440999998990169 0.0881999997980337 0.132299999697051 0 0.0440999998990169 0.0440999998990169 0.0881999997980337 0.0881999997980337 0.0440999998990169 0.0881999997980337 0.132299999697051 0 0.0440999998990169 0.0440999998990169 0.0440999998990169 0.0440999998990169 0.132299999697051
 0 0.0440999998990169 0.0440999998990169 0.0881999997980337 0 0 0 0 0 0.0440999998990169 0 0.0440999998990169 0.220499999495084 0.0440999998990169 0 0 0.0440999998990169 0.0440999998990169 0.0440999998990169 0.0440999998990169 0
 0.0440999998990169 0.132299999697051 0.0440999998990169 0 0.0881999997980337 0.176399999596067 0.0440999998990169 0 0.0440999998990169 0.0440999998990169 0 0 0.0440999998990169 0.0440999998990169 0.0440999998990169 0.0440999998990169 0.0440999998990169 0.0440999998990169 0.0881999997980337 0.0881999997980337 0.0440999998990169
 0.0881999997980337 0.0881999997980337 0 0.0440999998990169 0.0440999998990169 0.0440999998990169 0.0440999998990169 0.0881999997980337 0.0440999998990169 0.0440999998990169 0.0881999997980337 0 0 0.176399999596067 0.0440999998990169 0.176399999596067 0 0.0881999997980337 0 0.132299999697051 0.132299999697051

