FRED_DATA_FILE
FILETYPE= Grid2D
DATATYPE= Double
VERSION= 2
PHYSICAL_MEANING= Irradiance
TITLE= "Irradiance"
INFO= "Produced by Detector Entity Node:  "SNSPD" [21]"
DATAUNITS= "Power/Area"
FRED_FILENAME= "blackbody-studies.frd"
DATETIME= "Wednesday, June 26, 2024 11:18:20 (Central Daylight Time)"
ORIGIN_POSITION= 0 0 0.04
BINARY= FALSE
HOLE_VALUE= 1e+308
!------------------------------------------------------------------------
A_AXIS_MIN= -0.1
A_AXIS_MAX= 0.1
A_AXIS_DIM= 21
A_AXIS_LABEL= "Local X Axis"
A_AXIS_TYPE= Spatial
A_AXIS_UNITS= mm
A_AXIS_DIR= 1 0 0
!------------------------------------------------------------------------
B_AXIS_MIN= -0.1
B_AXIS_MAX= 0.1
B_AXIS_DIM= 21
B_AXIS_LABEL= "Local Y Axis"
B_AXIS_TYPE= Spatial
B_AXIS_UNITS= mm
B_AXIS_DIR= 0 1 0
!------------------------------------------------------------------------
DEA_TIMING= At Trace End
NUMBER_OF_RAYS_USED= 34702
DEA_SIDEDNESS= Both Sides
BeginData
 0.124582500031125 0.119070000029747 0.0970200000242386 0.103635000025891 0.116865000029196 0.122377500030574 0.100327500025065 0.0882000000220351 0.102532500025616 0.105840000026442 0.0970200000242386 0.0948150000236877 0.103635000025891 0.0893025000223105 0.112455000028095 0.123480000030849 0.111352500027819 0.116865000029196 0.1256850000314 0.112455000028095 0.104737500026167
 0.0970200000242386 0.0992250000247895 0.130095000032502 0.098122500024514 0.123480000030849 0.0893025000223105 0.0970200000242386 0.070560000017628 0.0882000000220351 0.0970200000242386 0.102532500025616 0.100327500025065 0.0959175000239631 0.0826875000206579 0.108045000026993 0.106942500026718 0.109147500027268 0.117967500029472 0.109147500027268 0.10143000002534 0.128992500032226
 0.102532500025616 0.112455000028095 0.106942500026718 0.106942500026718 0.109147500027268 0.0904050000225859 0.0970200000242386 0.098122500024514 0.0815850000203824 0.0628425000157 0.0926100000231368 0.0915075000228614 0.111352500027819 0.103635000025891 0.098122500024514 0.0760725000190052 0.102532500025616 0.104737500026167 0.102532500025616 0.127890000031951 0.10143000002534
 0.111352500027819 0.0948150000236877 0.111352500027819 0.0893025000223105 0.0893025000223105 0.0815850000203824 0.0959175000239631 0.0959175000239631 0.0639450000159754 0.0749700000187298 0.0815850000203824 0.0562275000140473 0.0904050000225859 0.0793800000198316 0.10143000002534 0.0992250000247895 0.0959175000239631 0.105840000026442 0.0959175000239631 0.105840000026442 0.106942500026718
 0.10143000002534 0.0826875000206579 0.103635000025891 0.098122500024514 0.10143000002534 0.0959175000239631 0.104737500026167 0.0793800000198316 0.0793800000198316 0.0683550000170772 0.0760725000190052 0.0771750000192807 0.0782775000195561 0.0915075000228614 0.0760725000190052 0.0992250000247895 0.100327500025065 0.0926100000231368 0.108045000026993 0.0992250000247895 0.105840000026442
 0.105840000026442 0.124582500031125 0.122377500030574 0.0904050000225859 0.0882000000220351 0.0959175000239631 0.0694575000173526 0.0672525000168017 0.0727650000181789 0.0540225000134965 0.0584325000145982 0.0727650000181789 0.0628425000157 0.0749700000187298 0.0661500000165263 0.0959175000239631 0.0859950000214842 0.109147500027268 0.128992500032226 0.0948150000236877 0.115762500028921
 0.0904050000225859 0.0948150000236877 0.0970200000242386 0.0926100000231368 0.0771750000192807 0.0727650000181789 0.0749700000187298 0.0650475000162509 0.0672525000168017 0.0650475000162509 0.0628425000157 0.0429975000107421 0.0518175000129456 0.0606375000151491 0.0584325000145982 0.0837900000209333 0.0815850000203824 0.104737500026167 0.0915075000228614 0.0904050000225859 0.109147500027268
 0.110250000027544 0.0948150000236877 0.0859950000214842 0.0815850000203824 0.070560000017628 0.0617400000154245 0.0584325000145982 0.0672525000168017 0.0584325000145982 0.0540225000134965 0.0562275000140473 0.0485100000121193 0.045202500011293 0.0485100000121193 0.0595350000148737 0.0882000000220351 0.0771750000192807 0.0771750000192807 0.102532500025616 0.111352500027819 0.104737500026167
 0.112455000028095 0.103635000025891 0.0859950000214842 0.0837900000209333 0.0749700000187298 0.0595350000148737 0.0418950000104666 0.0518175000129456 0.052920000013221 0.0374850000093649 0.0418950000104666 0.0407925000101912 0.0463050000115684 0.0551250000137719 0.0562275000140473 0.0617400000154245 0.0716625000179035 0.0915075000228614 0.0915075000228614 0.0926100000231368 0.0904050000225859
 0.11355750002837 0.106942500026718 0.0882000000220351 0.0815850000203824 0.070560000017628 0.0639450000159754 0.0507150000126702 0.0573300000143228 0.0396900000099158 0.0441000000110175 0.0330750000082631 0.0407925000101912 0.0374850000093649 0.0418950000104666 0.0584325000145982 0.0771750000192807 0.0826875000206579 0.0915075000228614 0.0970200000242386 0.0992250000247895 0.0948150000236877
 0.0882000000220351 0.0859950000214842 0.0859950000214842 0.0749700000187298 0.0915075000228614 0.0661500000165263 0.0661500000165263 0.0429975000107421 0.0617400000154245 0.0474075000118438 0.0429975000107421 0.0374850000093649 0.0474075000118438 0.045202500011293 0.0683550000170772 0.0617400000154245 0.0595350000148737 0.0793800000198316 0.0970200000242386 0.0826875000206579 0.110250000027544
 0.0882000000220351 0.0870975000217596 0.0970200000242386 0.0749700000187298 0.0606375000151491 0.0771750000192807 0.0727650000181789 0.0429975000107421 0.0496125000123947 0.0562275000140473 0.0308700000077123 0.0341775000085386 0.0485100000121193 0.0407925000101912 0.0540225000134965 0.052920000013221 0.0617400000154245 0.0749700000187298 0.0870975000217596 0.11355750002837 0.0992250000247895
 0.0870975000217596 0.0859950000214842 0.0937125000234123 0.0793800000198316 0.0727650000181789 0.0606375000151491 0.0551250000137719 0.052920000013221 0.0496125000123947 0.045202500011293 0.0507150000126702 0.0374850000093649 0.0496125000123947 0.0485100000121193 0.0474075000118438 0.070560000017628 0.0727650000181789 0.0893025000223105 0.0749700000187298 0.102532500025616 0.112455000028095
 0.0870975000217596 0.0826875000206579 0.0937125000234123 0.0782775000195561 0.0859950000214842 0.0870975000217596 0.0562275000140473 0.0562275000140473 0.0551250000137719 0.0507150000126702 0.0661500000165263 0.0496125000123947 0.0540225000134965 0.0507150000126702 0.0793800000198316 0.0672525000168017 0.0837900000209333 0.0837900000209333 0.0948150000236877 0.10143000002534 0.106942500026718
 0.105840000026442 0.108045000026993 0.0904050000225859 0.080482500020107 0.0970200000242386 0.0793800000198316 0.0727650000181789 0.080482500020107 0.0441000000110175 0.0507150000126702 0.0628425000157 0.0650475000162509 0.0518175000129456 0.0573300000143228 0.0727650000181789 0.0628425000157 0.0749700000187298 0.0882000000220351 0.102532500025616 0.0859950000214842 0.106942500026718
 0.0970200000242386 0.103635000025891 0.103635000025891 0.102532500025616 0.110250000027544 0.0683550000170772 0.0848925000212088 0.0826875000206579 0.0815850000203824 0.0584325000145982 0.070560000017628 0.0606375000151491 0.0727650000181789 0.0749700000187298 0.0595350000148737 0.0904050000225859 0.0738675000184544 0.0959175000239631 0.0926100000231368 0.108045000026993 0.112455000028095
 0.1256850000314 0.108045000026993 0.114660000028646 0.0948150000236877 0.0992250000247895 0.0815850000203824 0.0848925000212088 0.0815850000203824 0.0760725000190052 0.0771750000192807 0.0882000000220351 0.080482500020107 0.0760725000190052 0.0959175000239631 0.0859950000214842 0.0859950000214842 0.104737500026167 0.10143000002534 0.0948150000236877 0.112455000028095 0.115762500028921
 0.126787500031675 0.114660000028646 0.115762500028921 0.103635000025891 0.0970200000242386 0.0959175000239631 0.100327500025065 0.0837900000209333 0.0859950000214842 0.0937125000234123 0.0837900000209333 0.0628425000157 0.0915075000228614 0.0793800000198316 0.070560000017628 0.0617400000154245 0.0893025000223105 0.114660000028646 0.110250000027544 0.110250000027544 0.117967500029472
 0.122377500030574 0.116865000029196 0.098122500024514 0.10143000002534 0.0959175000239631 0.0870975000217596 0.0937125000234123 0.0826875000206579 0.0937125000234123 0.098122500024514 0.0716625000179035 0.0959175000239631 0.0904050000225859 0.0926100000231368 0.0992250000247895 0.0870975000217596 0.0915075000228614 0.106942500026718 0.104737500026167 0.128992500032226 0.110250000027544
 0.127890000031951 0.119070000029747 0.108045000026993 0.103635000025891 0.130095000032502 0.0948150000236877 0.0970200000242386 0.11355750002837 0.0926100000231368 0.10143000002534 0.0793800000198316 0.0870975000217596 0.098122500024514 0.098122500024514 0.0848925000212088 0.0992250000247895 0.103635000025891 0.108045000026993 0.114660000028646 0.136710000034154 0.112455000028095
 0.124582500031125 0.141120000035256 0.105840000026442 0.109147500027268 0.100327500025065 0.109147500027268 0.0992250000247895 0.0948150000236877 0.115762500028921 0.111352500027819 0.0915075000228614 0.0915075000228614 0.112455000028095 0.131197500032777 0.115762500028921 0.110250000027544 0.122377500030574 0.103635000025891 0.111352500027819 0.126787500031675 0.131197500032777

