FRED_DATA_FILE
FILETYPE= Grid2D
DATATYPE= Double
VERSION= 2
PHYSICAL_MEANING= Irradiance
TITLE= "Irradiance"
INFO= "Produced by Detector Entity Node:  "SNSPD" [21]"
DATAUNITS= "Power/Area"
FRED_FILENAME= "blackbody-studies.frd"
DATETIME= "Thursday, July 04, 2024 12:20:27 (Central Daylight Time)"
ORIGIN_POSITION= 0 0 0.04
BINARY= FALSE
HOLE_VALUE= 1e+308
!------------------------------------------------------------------------
A_AXIS_MIN= -0.03333
A_AXIS_MAX= 0.03333
A_AXIS_DIM= 21
A_AXIS_LABEL= "Local X Axis"
A_AXIS_TYPE= Spatial
A_AXIS_UNITS= mm
A_AXIS_DIR= 1 0 0
!------------------------------------------------------------------------
B_AXIS_MIN= -0.03333
B_AXIS_MAX= 0.03333
B_AXIS_DIM= 21
B_AXIS_LABEL= "Local Y Axis"
B_AXIS_TYPE= Spatial
B_AXIS_UNITS= mm
B_AXIS_DIR= 0 1 0
!------------------------------------------------------------------------
DEA_TIMING= At Trace End
NUMBER_OF_RAYS_USED= 54123
DEA_SIDEDNESS= Both Sides
BeginData
 0.138942786849845 0.148867271624834 0.168716241174811 0.156806859444825 0.166731344219814 0.170701138129809 0.138942786849845 0.139935235327344 0.121078714254865 0.137950338372346 0.135965441417348 0.148867271624834 0.157799307922324 0.147874823147335 0.141920132282342 0.129018302074856 0.153829514012328 0.1786407259498 0.146882374669836 0.166731344219814 0.164746447264816
 0.165738895742315 0.157799307922324 0.167723792697313 0.147874823147335 0.128025853597357 0.15184461705733 0.130010750552355 0.121078714254865 0.119093817299867 0.131003199029854 0.113139126434874 0.144897477714838 0.124056059687362 0.128025853597357 0.146882374669836 0.129018302074856 0.137950338372346 0.165738895742315 0.167723792697313 0.158791756399823 0.173678483562306
 0.158791756399823 0.143905029237339 0.125048508164861 0.144897477714838 0.137950338372346 0.130010750552355 0.140927683804843 0.128025853597357 0.108176884047379 0.140927683804843 0.104207090137384 0.133980544462351 0.144897477714838 0.127033405119858 0.141920132282342 0.141920132282342 0.153829514012328 0.148867271624834 0.155814410967326 0.153829514012328 0.167723792697313
 0.170701138129809 0.162761550309818 0.156806859444825 0.155814410967326 0.120086265777366 0.108176884047379 0.130010750552355 0.124056059687362 0.127033405119858 0.106191987092382 0.107184435569881 0.122071162732364 0.125048508164861 0.115124023389872 0.105199538614883 0.145889926192337 0.148867271624834 0.156806859444825 0.139935235327344 0.152837065534829 0.147874823147335
 0.147874823147335 0.156806859444825 0.131995647507353 0.125048508164861 0.121078714254865 0.135965441417348 0.115124023389872 0.120086265777366 0.0823732236324082 0.107184435569881 0.0982523992723905 0.107184435569881 0.110161781002377 0.115124023389872 0.108176884047379 0.110161781002377 0.134972992939849 0.129018302074856 0.136957889894847 0.153829514012328 0.148867271624834
 0.171693586607308 0.125048508164861 0.134972992939849 0.138942786849845 0.122071162732364 0.123063611209863 0.112146677957375 0.084358120587406 0.0913052599298983 0.094282605362395 0.105199538614883 0.100237296227388 0.0823732236324082 0.0813807751549093 0.0992448477498894 0.127033405119858 0.0982523992723905 0.127033405119858 0.141920132282342 0.150852168579832 0.150852168579832
 0.150852168579832 0.146882374669836 0.144897477714838 0.148867271624834 0.0972599507948917 0.100237296227388 0.0793958781999115 0.0962675023173928 0.094282605362395 0.0853505690649049 0.0694713934249226 0.0734411873349182 0.0853505690649049 0.0833656721099071 0.0992448477498894 0.0992448477498894 0.113139126434874 0.108176884047379 0.131995647507353 0.142912580759841 0.164746447264816
 0.136957889894847 0.146882374669836 0.120086265777366 0.118101368822368 0.105199538614883 0.102222193182386 0.0922977084073972 0.0774109812449138 0.0823732236324082 0.0664940479924259 0.075426084289916 0.0684789449474237 0.0823732236324082 0.084358120587406 0.0793958781999115 0.104207090137384 0.111154229479876 0.113139126434874 0.133980544462351 0.135965441417348 0.148867271624834
 0.143905029237339 0.127033405119858 0.120086265777366 0.106191987092382 0.115124023389872 0.0913052599298983 0.0714562903799204 0.0853505690649049 0.0813807751549093 0.0694713934249226 0.084358120587406 0.0903128114523994 0.0813807751549093 0.0764185327674149 0.0883279144974016 0.0932901568848961 0.111154229479876 0.116116471867371 0.138942786849845 0.146882374669836 0.137950338372346
 0.129018302074856 0.139935235327344 0.109169332524878 0.131003199029854 0.121078714254865 0.100237296227388 0.102222193182386 0.0625242540824303 0.075426084289916 0.0525997693074414 0.0714562903799204 0.065501599514927 0.0555771147399381 0.0535922177849403 0.0833656721099071 0.105199538614883 0.113139126434874 0.100237296227388 0.116116471867371 0.134972992939849 0.138942786849845
 0.146882374669836 0.131995647507353 0.147874823147335 0.120086265777366 0.0932901568848961 0.0774109812449138 0.0744336358124171 0.075426084289916 0.0873354660199027 0.0734411873349182 0.0486299753974458 0.0664940479924259 0.0784034297224127 0.0833656721099071 0.0813807751549093 0.075426084289916 0.106191987092382 0.109169332524878 0.121078714254865 0.124056059687362 0.137950338372346
 0.135965441417348 0.127033405119858 0.111154229479876 0.103214641659885 0.105199538614883 0.0913052599298983 0.0803883266774104 0.0793958781999115 0.0585544601724348 0.0774109812449138 0.0664940479924259 0.0645091510374281 0.0833656721099071 0.084358120587406 0.0724487388574193 0.0873354660199027 0.109169332524878 0.103214641659885 0.109169332524878 0.129018302074856 0.143905029237339
 0.167723792697313 0.147874823147335 0.120086265777366 0.107184435569881 0.106191987092382 0.0793958781999115 0.0803883266774104 0.0913052599298983 0.0793958781999115 0.0734411873349182 0.0774109812449138 0.0734411873349182 0.0903128114523994 0.0734411873349182 0.0833656721099071 0.107184435569881 0.0903128114523994 0.115124023389872 0.137950338372346 0.142912580759841 0.156806859444825
 0.144897477714838 0.152837065534829 0.120086265777366 0.112146677957375 0.122071162732364 0.101229744704887 0.100237296227388 0.084358120587406 0.0784034297224127 0.0734411873349182 0.0674864964699248 0.0635167025599292 0.094282605362395 0.102222193182386 0.0982523992723905 0.113139126434874 0.121078714254865 0.106191987092382 0.12604095664236 0.129018302074856 0.140927683804843
 0.136957889894847 0.142912580759841 0.133980544462351 0.125048508164861 0.11710892034487 0.11710892034487 0.094282605362395 0.0982523992723905 0.0903128114523994 0.075426084289916 0.084358120587406 0.0823732236324082 0.094282605362395 0.0972599507948917 0.104207090137384 0.11710892034487 0.109169332524878 0.125048508164861 0.132988095984852 0.140927683804843 0.152837065534829
 0.147874823147335 0.143905029237339 0.132988095984852 0.127033405119858 0.104207090137384 0.131995647507353 0.0972599507948917 0.105199538614883 0.103214641659885 0.0913052599298983 0.0784034297224127 0.0833656721099071 0.104207090137384 0.0932901568848961 0.112146677957375 0.12604095664236 0.127033405119858 0.133980544462351 0.131003199029854 0.131003199029854 0.164746447264816
 0.154821962489827 0.130010750552355 0.134972992939849 0.144897477714838 0.133980544462351 0.105199538614883 0.129018302074856 0.103214641659885 0.102222193182386 0.109169332524878 0.116116471867371 0.0952750538398939 0.0903128114523994 0.111154229479876 0.111154229479876 0.121078714254865 0.128025853597357 0.135965441417348 0.131995647507353 0.165738895742315 0.148867271624834
 0.147874823147335 0.154821962489827 0.148867271624834 0.154821962489827 0.125048508164861 0.128025853597357 0.146882374669836 0.109169332524878 0.11710892034487 0.116116471867371 0.123063611209863 0.116116471867371 0.113139126434874 0.135965441417348 0.133980544462351 0.119093817299867 0.154821962489827 0.136957889894847 0.161769101832319 0.136957889894847 0.148867271624834
 0.145889926192337 0.153829514012328 0.157799307922324 0.157799307922324 0.145889926192337 0.131995647507353 0.121078714254865 0.118101368822368 0.137950338372346 0.106191987092382 0.133980544462351 0.135965441417348 0.143905029237339 0.134972992939849 0.134972992939849 0.138942786849845 0.131003199029854 0.129018302074856 0.134972992939849 0.155814410967326 0.16970868965231
 0.155814410967326 0.150852168579832 0.163753998787317 0.165738895742315 0.133980544462351 0.132988095984852 0.152837065534829 0.134972992939849 0.118101368822368 0.130010750552355 0.127033405119858 0.122071162732364 0.142912580759841 0.11710892034487 0.156806859444825 0.143905029237339 0.150852168579832 0.166731344219814 0.137950338372346 0.177648277472301 0.181618071382297
 0.174670932039805 0.166731344219814 0.168716241174811 0.147874823147335 0.140927683804843 0.135965441417348 0.167723792697313 0.157799307922324 0.149859720102333 0.129018302074856 0.148867271624834 0.115124023389872 0.147874823147335 0.153829514012328 0.150852168579832 0.142912580759841 0.155814410967326 0.152837065534829 0.166731344219814 0.162761550309818 0.153829514012328

