FRED_DATA_FILE
FILETYPE= Grid2D
DATATYPE= Double
VERSION= 2
PHYSICAL_MEANING= Irradiance
TITLE= "Irradiance"
INFO= "Produced by Detector Entity Node:  "SNSPD" [21]"
DATAUNITS= "Power/Area"
FRED_FILENAME= "blackbody-studies.frd"
DATETIME= "Sunday, June 30, 2024 04:20:02 (Central Daylight Time)"
ORIGIN_POSITION= 0 0 -0.08
BINARY= FALSE
HOLE_VALUE= 1e+308
!------------------------------------------------------------------------
A_AXIS_MIN= -0.03333
A_AXIS_MAX= 0.03333
A_AXIS_DIM= 21
A_AXIS_LABEL= "Local X Axis"
A_AXIS_TYPE= Spatial
A_AXIS_UNITS= mm
A_AXIS_DIR= 1 0 0
!------------------------------------------------------------------------
B_AXIS_MIN= -0.03333
B_AXIS_MAX= 0.03333
B_AXIS_DIM= 21
B_AXIS_LABEL= "Local Y Axis"
B_AXIS_TYPE= Spatial
B_AXIS_UNITS= mm
B_AXIS_DIR= 0 1 0
!------------------------------------------------------------------------
DEA_TIMING= At Trace End
NUMBER_OF_RAYS_USED= 124841
DEA_SIDEDNESS= Both Sides
BeginData
 0.525997693074416 0.471413026811976 0.419805705982033 0.389039803179567 0.400949184909554 0.389039803179567 0.370183282107088 0.342394724737118 0.3592663488546 0.344379621692116 0.335447585394626 0.317583512799645 0.344379621692116 0.362243694287096 0.321553306709641 0.383085112314573 0.418813257504534 0.395986942522059 0.438662227054512 0.484314857019462 0.53195238393941
 0.499201584181946 0.43171508771202 0.409881221207044 0.374153076017083 0.37713042144958 0.327507997574635 0.307659028024656 0.319568409754643 0.295749646294669 0.262006398059707 0.290787403907175 0.301704337159663 0.315598615844648 0.300711888682164 0.294757197817171 0.343387173214617 0.40392653034205 0.404918978819549 0.401941633387053 0.465458335946983 0.48629975397446
 0.478360166154469 0.427745293802024 0.395986942522059 0.361251245809597 0.341402276259619 0.33147779148463 0.302696785637162 0.290787403907175 0.269945985879698 0.274908228267192 0.277885573699689 0.273915779789693 0.297734543249667 0.287810058474678 0.315598615844648 0.345372070169615 0.307659028024656 0.329492894529632 0.387054906224569 0.384077560792072 0.445609366397005
 0.407896324252046 0.365221039719593 0.356289003422103 0.335447585394626 0.311628821934652 0.27689312522219 0.257044155672212 0.262998846537205 0.270938434357197 0.235210289167236 0.244142325464726 0.246127222419724 0.226278252869747 0.292772300862173 0.289794955429676 0.281855367609685 0.306666579547157 0.332470239962129 0.342394724737118 0.342394724737118 0.391024700134565
 0.402934081864552 0.36819838515209 0.326515549097136 0.301704337159663 0.295749646294669 0.28582516151968 0.244142325464726 0.254066810239715 0.238187634599733 0.191542556157286 0.23223294373474 0.220323562004753 0.264983743492203 0.243149876987227 0.253074361762216 0.294757197817171 0.284832713042181 0.280862919132186 0.309643924979654 0.312621270412151 0.407896324252046
 0.36819838515209 0.307659028024656 0.286817609997179 0.282847816087184 0.27689312522219 0.240172531554731 0.245134773942225 0.235210289167236 0.217346216572257 0.20543683484227 0.16970868965231 0.210399077229764 0.226278252869747 0.221316010482252 0.211391525707263 0.264983743492203 0.280862919132186 0.289794955429676 0.325523100619637 0.298726991727166 0.357281451899602
 0.321553306709641 0.332470239962129 0.292772300862173 0.28582516151968 0.266968640447201 0.213376422662261 0.24116498003223 0.198489695499778 0.18757276224729 0.164746447264816 0.162761550309818 0.146882374669836 0.192535004634785 0.193527453112283 0.204444386364771 0.221316010482252 0.224293355914749 0.275900676744691 0.294757197817171 0.323538203664639 0.345372070169615
 0.378122869927079 0.333462688439628 0.287810058474678 0.256051707194713 0.249104567852221 0.246127222419724 0.193527453112283 0.183602968337295 0.149859720102333 0.147874823147335 0.161769101832319 0.158791756399823 0.165738895742315 0.155814410967326 0.197497247022279 0.219331113527254 0.236202737644735 0.264983743492203 0.296742094772168 0.289794955429676 0.33147779148463
 0.324530652142138 0.344379621692116 0.311628821934652 0.263991295014704 0.243149876987227 0.230248046779742 0.189557659202288 0.174670932039805 0.150852168579832 0.139935235327344 0.0982523992723905 0.147874823147335 0.134972992939849 0.161769101832319 0.1786407259498 0.231240495257241 0.231240495257241 0.243149876987227 0.277885573699689 0.306666579547157 0.324530652142138
 0.342394724737118 0.333462688439628 0.270938434357197 0.266968640447201 0.246127222419724 0.199482143977277 0.179633174427299 0.163753998787317 0.122071162732364 0.106191987092382 0.0615318056049315 0.0962675023173928 0.11710892034487 0.149859720102333 0.159784204877322 0.16970868965231 0.213376422662261 0.224293355914749 0.2679610889247 0.291779852384674 0.326515549097136
 0.325523100619637 0.30468168259216 0.25009701632972 0.252081913284717 0.21436887113976 0.186580313769791 0.171693586607308 0.153829514012328 0.0962675023173928 0.0982523992723905 0.0585544601724348 0.0903128114523994 0.137950338372346 0.140927683804843 0.157799307922324 0.215361319617259 0.237195186122234 0.222308458959751 0.238187634599733 0.296742094772168 0.328500446052133
 0.330485343007131 0.288802506952177 0.266968640447201 0.262006398059707 0.260021501104709 0.188565210724789 0.152837065534829 0.153829514012328 0.170701138129809 0.116116471867371 0.0764185327674149 0.0863430175424038 0.120086265777366 0.137950338372346 0.18757276224729 0.222308458959751 0.252081913284717 0.24116498003223 0.258036604149711 0.280862919132186 0.302696785637162
 0.326515549097136 0.284832713042181 0.279870470654687 0.272923331312195 0.24116498003223 0.201467040932274 0.1786407259498 0.149859720102333 0.144897477714838 0.120086265777366 0.124056059687362 0.113139126434874 0.159784204877322 0.180625622904798 0.183602968337295 0.210399077229764 0.212383974184762 0.233225392212239 0.298726991727166 0.33147779148463 0.343387173214617
 0.366213488197092 0.299719440204665 0.266968640447201 0.255059258717214 0.255059258717214 0.227270701347245 0.170701138129809 0.177648277472301 0.159784204877322 0.180625622904798 0.153829514012328 0.158791756399823 0.18757276224729 0.195512350067281 0.188565210724789 0.209406628752266 0.240172531554731 0.256051707194713 0.25009701632972 0.307659028024656 0.342394724737118
 0.390032251657066 0.325523100619637 0.309643924979654 0.268953537402199 0.281855367609685 0.25009701632972 0.229255598302243 0.19650479854478 0.190550107679787 0.165738895742315 0.140927683804843 0.208414180274767 0.154821962489827 0.195512350067281 0.207421731797268 0.222308458959751 0.251089464807219 0.268953537402199 0.334455136917127 0.314606167367149 0.314606167367149
 0.385070009269571 0.318575961277144 0.272923331312195 0.307659028024656 0.25902905262721 0.245134773942225 0.233225392212239 0.234217840689738 0.182610519859796 0.18757276224729 0.19650479854478 0.19650479854478 0.207421731797268 0.229255598302243 0.213376422662261 0.279870470654687 0.293764749339672 0.282847816087184 0.318575961277144 0.326515549097136 0.335447585394626
 0.400949184909554 0.356289003422103 0.321553306709641 0.295749646294669 0.266968640447201 0.263991295014704 0.247119670897223 0.270938434357197 0.233225392212239 0.226278252869747 0.213376422662261 0.224293355914749 0.251089464807219 0.235210289167236 0.268953537402199 0.271930882834696 0.262006398059707 0.315598615844648 0.30468168259216 0.330485343007131 0.39499449404456
 0.394002045567061 0.371175730584586 0.372168179062085 0.326515549097136 0.318575961277144 0.314606167367149 0.287810058474678 0.271930882834696 0.246127222419724 0.247119670897223 0.264983743492203 0.270938434357197 0.240172531554731 0.265976191969702 0.301704337159663 0.305674131069659 0.307659028024656 0.332470239962129 0.354304106467105 0.404918978819549 0.443624469442007
 0.447594263352002 0.402934081864552 0.344379621692116 0.363236142764595 0.312621270412151 0.298726991727166 0.269945985879698 0.298726991727166 0.274908228267192 0.2679610889247 0.298726991727166 0.247119670897223 0.273915779789693 0.262998846537205 0.305674131069659 0.27689312522219 0.356289003422103 0.337432482349624 0.396979390999558 0.388047354702068 0.44064712400951
 0.467443232901981 0.437669778577013 0.393009597089562 0.34040982778212 0.337432482349624 0.337432482349624 0.343387173214617 0.308651476502155 0.284832713042181 0.284832713042181 0.296742094772168 0.307659028024656 0.30468168259216 0.329492894529632 0.326515549097136 0.339417379304621 0.379115318404578 0.392017148612064 0.392017148612064 0.434692433144517 0.462480990514486
 0.534929729371906 0.460496093559488 0.441639572487009 0.428737742279523 0.404918978819549 0.365221039719593 0.317583512799645 0.317583512799645 0.336440033872125 0.347356967124613 0.335447585394626 0.312621270412151 0.34040982778212 0.364228591242094 0.343387173214617 0.338424930827122 0.380107766882077 0.418813257504534 0.409881221207044 0.48629975397446 0.538899523281902

