FRED_DATA_FILE
FILETYPE= Grid2D
DATATYPE= Double
VERSION= 2
PHYSICAL_MEANING= Irradiance
TITLE= "Irradiance"
INFO= "Produced by Detector Entity Node:  "SNSPD" [21]"
DATAUNITS= "Power/Area"
FRED_FILENAME= "blackbody-studies.frd"
DATETIME= "Monday, July 01, 2024 13:11:52 (Central Daylight Time)"
ORIGIN_POSITION= 0 0 0.07
BINARY= FALSE
HOLE_VALUE= 1e+308
!------------------------------------------------------------------------
A_AXIS_MIN= -0.03333
A_AXIS_MAX= 0.03333
A_AXIS_DIM= 21
A_AXIS_LABEL= "Local X Axis"
A_AXIS_TYPE= Spatial
A_AXIS_UNITS= mm
A_AXIS_DIR= 1 0 0
!------------------------------------------------------------------------
B_AXIS_MIN= -0.03333
B_AXIS_MAX= 0.03333
B_AXIS_DIM= 21
B_AXIS_LABEL= "Local Y Axis"
B_AXIS_TYPE= Spatial
B_AXIS_UNITS= mm
B_AXIS_DIR= 0 1 0
!------------------------------------------------------------------------
DEA_TIMING= At Trace End
NUMBER_OF_RAYS_USED= 158996
DEA_SIDEDNESS= Both Sides
BeginData
 0.55874849283188 0.489277099406957 0.49523179027195 0.538899523281902 0.47736771767697 0.442632020964508 0.447594263352002 0.45851119660449 0.412858566639541 0.443624469442007 0.405911427297048 0.434692433144517 0.426752845324525 0.426752845324525 0.443624469442007 0.462480990514486 0.437669778577013 0.523020347641919 0.475382820721972 0.553786250444386 0.562718286741876
 0.507141172001937 0.483322408541963 0.461488542036987 0.493246893316952 0.417820809027035 0.44064712400951 0.395986942522059 0.446601814874504 0.38606245774707 0.39499449404456 0.371175730584586 0.395986942522059 0.380107766882077 0.376137972972081 0.451564057261998 0.427745293802024 0.426752845324525 0.463473438991985 0.442632020964508 0.521035450686922 0.557756044354381
 0.528975038506913 0.501186481136943 0.479352614631967 0.439654675532011 0.443624469442007 0.390032251657066 0.401941633387053 0.345372070169615 0.34040982778212 0.354304106467105 0.36819838515209 0.357281451899602 0.360258797332098 0.387054906224569 0.389039803179567 0.401941633387053 0.415835912072037 0.393009597089562 0.506148723524438 0.489277099406957 0.532944832416908
 0.519050553731924 0.489277099406957 0.471413026811976 0.433699984667018 0.390032251657066 0.418813257504534 0.34040982778212 0.365221039719593 0.32254575518714 0.314606167367149 0.301704337159663 0.311628821934652 0.345372070169615 0.382092663837074 0.337432482349624 0.361251245809597 0.397971839477057 0.444616917919506 0.411866118162042 0.433699984667018 0.489277099406957
 0.490269547884455 0.463473438991985 0.415835912072037 0.415835912072037 0.337432482349624 0.326515549097136 0.317583512799645 0.298726991727166 0.299719440204665 0.328500446052133 0.257044155672212 0.264983743492203 0.281855367609685 0.351326761034608 0.348349415602112 0.379115318404578 0.37713042144958 0.404918978819549 0.429730190757022 0.460496093559488 0.512103414389431
 0.471413026811976 0.435684881622016 0.424767948369528 0.414843463594538 0.378122869927079 0.360258797332098 0.289794955429676 0.264983743492203 0.254066810239715 0.244142325464726 0.23223294373474 0.253074361762216 0.284832713042181 0.308651476502155 0.324530652142138 0.346364518647114 0.350334312557109 0.350334312557109 0.416828360549536 0.44064712400951 0.461488542036987
 0.428737742279523 0.426752845324525 0.432707536189519 0.337432482349624 0.328500446052133 0.309643924979654 0.278878022177188 0.247119670897223 0.247119670897223 0.22330090743725 0.213376422662261 0.245134773942225 0.23223294373474 0.236202737644735 0.297734543249667 0.317583512799645 0.367205936674591 0.324530652142138 0.364228591242094 0.446601814874504 0.457518748126992
 0.40392653034205 0.388047354702068 0.375145524494582 0.363236142764595 0.329492894529632 0.275900676744691 0.222308458959751 0.23223294373474 0.215361319617259 0.185587865292292 0.203451937887272 0.189557659202288 0.203451937887272 0.192535004634785 0.254066810239715 0.268953537402199 0.289794955429676 0.337432482349624 0.391024700134565 0.412858566639541 0.40392653034205
 0.435684881622016 0.337432482349624 0.347356967124613 0.327507997574635 0.298726991727166 0.265976191969702 0.238187634599733 0.20543683484227 0.177648277472301 0.181618071382297 0.183602968337295 0.194519901589782 0.19650479854478 0.201467040932274 0.240172531554731 0.243149876987227 0.347356967124613 0.305674131069659 0.365221039719593 0.380107766882077 0.400949184909554
 0.451564057261998 0.408888772729545 0.347356967124613 0.310636373457153 0.300711888682164 0.25009701632972 0.246127222419724 0.201467040932274 0.182610519859796 0.190550107679787 0.200474592454776 0.166731344219814 0.191542556157286 0.216353768094758 0.220323562004753 0.258036604149711 0.291779852384674 0.337432482349624 0.353311657989606 0.395986942522059 0.439654675532011
 0.463473438991985 0.371175730584586 0.338424930827122 0.286817609997179 0.321553306709641 0.251089464807219 0.210399077229764 0.203451937887272 0.20543683484227 0.175663380517304 0.165738895742315 0.164746447264816 0.184595416814794 0.182610519859796 0.212383974184762 0.244142325464726 0.274908228267192 0.317583512799645 0.360258797332098 0.391024700134565 0.389039803179567
 0.405911427297048 0.398964287954556 0.342394724737118 0.320560858232142 0.286817609997179 0.246127222419724 0.209406628752266 0.240172531554731 0.195512350067281 0.180625622904798 0.179633174427299 0.183602968337295 0.180625622904798 0.201467040932274 0.212383974184762 0.262998846537205 0.287810058474678 0.33147779148463 0.36819838515209 0.389039803179567 0.43171508771202
 0.412858566639541 0.370183282107088 0.342394724737118 0.338424930827122 0.262998846537205 0.272923331312195 0.230248046779742 0.211391525707263 0.224293355914749 0.174670932039805 0.179633174427299 0.167723792697313 0.190550107679787 0.19650479854478 0.23223294373474 0.272923331312195 0.303689234114661 0.343387173214617 0.379115318404578 0.369190833629589 0.404918978819549
 0.396979390999558 0.399956736432055 0.39499449404456 0.38606245774707 0.314606167367149 0.302696785637162 0.274908228267192 0.237195186122234 0.207421731797268 0.182610519859796 0.184595416814794 0.204444386364771 0.224293355914749 0.23223294373474 0.24116498003223 0.302696785637162 0.336440033872125 0.317583512799645 0.384077560792072 0.416828360549536 0.432707536189519
 0.436677330099514 0.402934081864552 0.39499449404456 0.3592663488546 0.301704337159663 0.299719440204665 0.261013949582208 0.258036604149711 0.255059258717214 0.227270701347245 0.23223294373474 0.23223294373474 0.23223294373474 0.263991295014704 0.268953537402199 0.295749646294669 0.30468168259216 0.334455136917127 0.404918978819549 0.426752845324525 0.484314857019462
 0.475382820721972 0.439654675532011 0.446601814874504 0.383085112314573 0.362243694287096 0.355296554944604 0.325523100619637 0.293764749339672 0.244142325464726 0.271930882834696 0.257044155672212 0.249104567852221 0.265976191969702 0.300711888682164 0.279870470654687 0.316591064322147 0.338424930827122 0.373160627539584 0.411866118162042 0.391024700134565 0.475382820721972
 0.450571608784499 0.408888772729545 0.410873669684543 0.382092663837074 0.338424930827122 0.36819838515209 0.32254575518714 0.320560858232142 0.307659028024656 0.299719440204665 0.312621270412151 0.249104567852221 0.338424930827122 0.295749646294669 0.316591064322147 0.343387173214617 0.361251245809597 0.421790602937031 0.423775499892029 0.44064712400951 0.498209135704447
 0.45851119660449 0.483322408541963 0.464465887469484 0.41385101511704 0.402934081864552 0.371175730584586 0.363236142764595 0.328500446052133 0.354304106467105 0.346364518647114 0.303689234114661 0.324530652142138 0.339417379304621 0.341402276259619 0.380107766882077 0.375145524494582 0.383085112314573 0.414843463594538 0.410873669684543 0.500194032659445 0.48629975397446
 0.474390372244473 0.515080759821928 0.469428129856978 0.418813257504534 0.398964287954556 0.396979390999558 0.424767948369528 0.371175730584586 0.355296554944604 0.367205936674591 0.360258797332098 0.34934186407961 0.363236142764595 0.393009597089562 0.393009597089562 0.39499449404456 0.402934081864552 0.414843463594538 0.455533851171994 0.506148723524438 0.539891971759401
 0.52202789916442 0.530959935461911 0.482329960064464 0.470420578334477 0.433699984667018 0.408888772729545 0.438662227054512 0.407896324252046 0.388047354702068 0.410873669684543 0.392017148612064 0.414843463594538 0.40392653034205 0.396979390999558 0.385070009269571 0.450571608784499 0.392017148612064 0.49523179027195 0.480345063109466 0.54981645653439 0.553786250444386
 0.506148723524438 0.473397923766974 0.517065656776926 0.497216687226948 0.500194032659445 0.449579160307 0.442632020964508 0.42278305141453 0.408888772729545 0.415835912072037 0.450571608784499 0.423775499892029 0.45851119660449 0.476375269199471 0.437669778577013 0.470420578334477 0.460496093559488 0.487292202451959 0.509126068956935 0.560733389786878 0.564703183696874

