FRED_DATA_FILE
FILETYPE= Grid2D
DATATYPE= Double
VERSION= 2
PHYSICAL_MEANING= Irradiance
TITLE= "Irradiance"
INFO= "Produced by Detector Entity Node:  "SNSPD" [21]"
DATAUNITS= "Power/Area"
FRED_FILENAME= "blackbody-studies.frd"
DATETIME= "Sunday, July 21, 2024 11:10:20 (Central Daylight Time)"
ORIGIN_POSITION= 0 0 0.008
BINARY= FALSE
HOLE_VALUE= 1e+308
!------------------------------------------------------------------------
A_AXIS_MIN= -0.0525
A_AXIS_MAX= 0.0525
A_AXIS_DIM= 21
A_AXIS_LABEL= "Local X Axis"
A_AXIS_TYPE= Spatial
A_AXIS_UNITS= mm
A_AXIS_DIR= 1 0 0
!------------------------------------------------------------------------
B_AXIS_MIN= -0.0525
B_AXIS_MAX= 0.0525
B_AXIS_DIM= 21
B_AXIS_LABEL= "Local Y Axis"
B_AXIS_TYPE= Spatial
B_AXIS_UNITS= mm
B_AXIS_DIR= 0 1 0
!------------------------------------------------------------------------
DEA_TIMING= At Trace End
NUMBER_OF_RAYS_USED= 281382
DEA_SIDEDNESS= Both Sides
BeginData
 0.454399998959495 0.429199999017198 0.419999999038264 0.39799999908864 0.389999999106958 0.359999999175653 0.369199999154586 0.33719999922786 0.372799999146343 0.360799999173821 0.361599999171989 0.3587999991784 0.371599999149091 0.373599999144511 0.353599999190307 0.368799999155502 0.398399999087724 0.405599999071237 0.409999999061162 0.435999999001627 0.463999998937513
 0.41079999905933 0.392399999101463 0.402799999077649 0.373199999145427 0.339199999223281 0.342399999215953 0.330799999242515 0.333599999236104 0.325199999255338 0.30279999930663 0.305599999300218 0.302399999307545 0.313999999280984 0.320399999266329 0.330399999243431 0.356399999183896 0.323599999259002 0.389999999106958 0.404799999073069 0.408399999064826 0.433599999007123
 0.387599999112454 0.361199999172905 0.339599999222365 0.329599999245263 0.314799999279152 0.286799999343266 0.297999999317621 0.28319999935151 0.277599999364333 0.27639999936708 0.265999999390894 0.264799999393642 0.249999999427531 0.266399999389978 0.267199999388147 0.286399999344182 0.306399999298386 0.321999999262665 0.349199999200383 0.390799999105127 0.41079999905933
 0.394399999096883 0.341599999217785 0.343199999214121 0.2959999993222 0.276799999366165 0.235599999460506 0.246399999435775 0.223599999487984 0.217999999500807 0.221599999492564 0.21039999951821 0.222799999489816 0.225999999482488 0.233999999464169 0.235599999460506 0.249999999427531 0.279199999360669 0.290399999335023 0.323199999259917 0.362799999169241 0.398799999086808
 0.370799999150923 0.353999999189391 0.315999999276404 0.280799999357005 0.241199999447682 0.229999999473329 0.202799999535613 0.20639999952737 0.195199999553017 0.183199999580495 0.188399999568588 0.166399999618965 0.182399999582327 0.185599999574999 0.21039999951821 0.238399999454094 0.249599999428447 0.261199999401885 0.30279999930663 0.350799999196719 0.398799999086808
 0.385599999117034 0.339199999223281 0.2959999993222 0.260799999402801 0.223999999487068 0.212799999512715 0.192799999558512 0.160399999632704 0.155199999644612 0.14319999967209 0.145599999666594 0.152399999651023 0.1579999996382 0.165599999620797 0.20439999953195 0.201199999539277 0.207199999525538 0.246399999435775 0.310799999288311 0.345199999209542 0.373999999143595
 0.375999999139016 0.323599999259002 0.267199999388147 0.220399999495312 0.220799999494396 0.194399999554848 0.163999999624461 0.143599999671174 0.138799999682166 0.121999999720635 0.10959999974903 0.126799999709644 0.134799999691325 0.148799999659267 0.167199999617133 0.171999999606142 0.212399999513631 0.224799999485236 0.278799999361585 0.355199999186644 0.36959999915367
 0.34399999921229 0.334399999234272 0.26359999939639 0.220399999495312 0.195999999551185 0.180399999586907 0.152399999651023 0.117999999729795 0.116799999732543 0.0971999997774244 0.0883999997975753 0.086399999802155 0.119999999725215 0.122799999718804 0.14319999967209 0.168799999613469 0.194399999554848 0.244399999440355 0.271199999378987 0.333999999235188 0.371599999149091
 0.369199999154586 0.323999999258086 0.274799999370744 0.238799999453178 0.179199999589655 0.143599999671174 0.125199999713308 0.107999999752694 0.0867999998012391 0.0771999998232219 0.0731999998323814 0.0763999998250538 0.0827999998103986 0.100399999770097 0.130799999700485 0.167199999617133 0.186799999572251 0.226399999481572 0.267599999387231 0.314399999280068 0.362799999169241
 0.363999999166493 0.323199999259917 0.258799999407381 0.215599999506303 0.177199999594234 0.158399999637284 0.131999999697737 0.0955999997810882 0.0663999998479525 0.0607999998607758 0.0471999998919181 0.0555999998726832 0.0755999998268857 0.0991999997728446 0.10959999974903 0.155599999643696 0.177999999592402 0.230399999472413 0.269599999382651 0.32439999925717 0.374799999141763
 0.368799999155502 0.318799999269993 0.263999999395474 0.209599999520042 0.181199999585075 0.143999999670258 0.123199999717888 0.0891999997957434 0.0691999998415409 0.0499999998855065 0.0407999999065733 0.0491999998873384 0.070399999838793 0.0935999997856679 0.105199999759105 0.160399999632704 0.180799999585991 0.197999999546605 0.251999999422952 0.324799999256254 0.353599999190307
 0.371599999149091 0.318799999269993 0.256799999411961 0.230399999472413 0.181199999585075 0.141599999675754 0.121999999720635 0.0975999997765084 0.0771999998232219 0.0503999998845905 0.0423999999029095 0.0487999998882543 0.0719999998351292 0.0951999997820041 0.115199999736207 0.162799999627209 0.168799999613469 0.201999999537445 0.26359999939639 0.313999999280984 0.34399999921229
 0.353599999190307 0.301599999309377 0.248399999431195 0.215999999505387 0.188399999568588 0.157599999639116 0.146399999664762 0.105599999758189 0.0907999997920796 0.0803999998158943 0.0591999998644396 0.0739999998305495 0.085999999803071 0.115999999734375 0.137599999684913 0.155599999643696 0.186399999573167 0.209199999520958 0.266799999389063 0.332799999237935 0.350399999197635
 0.374799999141763 0.303199999305714 0.266799999389063 0.230799999471497 0.197599999547521 0.166399999618965 0.155199999644612 0.139999999679418 0.114799999737123 0.093999999784752 0.0975999997765084 0.0871999998003231 0.10959999974903 0.125999999711476 0.138799999682166 0.173199999603394 0.190799999563092 0.22119999949348 0.269199999383567 0.322799999260833 0.373999999143595
 0.353199999191223 0.329999999244347 0.264799999393642 0.240799999448598 0.20439999953195 0.207199999525538 0.173999999601562 0.140399999678502 0.148799999659267 0.134399999692241 0.10959999974903 0.130799999700485 0.131199999699569 0.14119999967667 0.167199999617133 0.186799999572251 0.210799999517294 0.249999999427531 0.280399999357921 0.32439999925717 0.394399999096883
 0.376799999137184 0.322399999261749 0.298399999316705 0.248799999430279 0.240799999448598 0.209999999519126 0.177599999593318 0.164399999623545 0.160399999632704 0.127199999708728 0.141999999674838 0.160399999632704 0.167199999617133 0.167199999617133 0.185999999574083 0.195599999552101 0.223599999487984 0.249199999429363 0.288399999339603 0.344399999211374 0.39599999909322
 0.401199999081313 0.357599999181148 0.328799999247095 0.292399999330444 0.253599999419288 0.22119999949348 0.212399999513631 0.188399999568588 0.167999999615301 0.170399999609805 0.166799999618049 0.19359999955668 0.201199999539277 0.209599999520042 0.200799999540193 0.211599999515463 0.268799999384483 0.281999999354258 0.318799999269993 0.34399999921229 0.385599999117034
 0.412399999055667 0.375199999140848 0.337599999226944 0.296399999321284 0.281599999355173 0.251199999424784 0.242399999444934 0.233999999464169 0.21919999949806 0.211999999514547 0.226399999481572 0.216399999504471 0.201999999537445 0.236799999457758 0.264799999393642 0.247999999432111 0.263199999397306 0.307599999295638 0.3135999992819 0.359599999176569 0.422799999031853
 0.423599999030021 0.385999999116118 0.34399999921229 0.303999999303882 0.314399999280068 0.3135999992819 0.290799999334107 0.266399999389978 0.271599999378071 0.248799999430279 0.261999999400054 0.255199999415624 0.26359999939639 0.261199999401885 0.275599999368912 0.289199999337771 0.29399999932678 0.331199999241599 0.318799999269993 0.382399999124361 0.396399999092304
 0.435199999003459 0.405999999070322 0.380799999128025 0.351599999194887 0.349199999200383 0.331999999239767 0.319599999268161 0.321599999263581 0.301999999308461 0.300799999311209 0.306399999298386 0.317199999273656 0.300799999311209 0.331599999240683 0.341199999218701 0.318799999269993 0.359199999177484 0.355599999185728 0.379199999131688 0.392799999100547 0.423999999029105
 0.448399998973234 0.430799999013534 0.417199999044676 0.375999999139016 0.374799999141763 0.385999999116118 0.367999999157334 0.36959999915367 0.361199999172905 0.370399999151839 0.368399999156418 0.372799999146343 0.359199999177484 0.371199999150007 0.396399999092304 0.387999999111538 0.375199999140848 0.403199999076733 0.421999999033685 0.407999999065742 0.431599999011702

