FRED_DATA_FILE
FILETYPE= Grid2D
DATATYPE= Double
VERSION= 2
PHYSICAL_MEANING= Irradiance
TITLE= "Irradiance"
INFO= "Produced by Detector Entity Node:  "SNSPD" [21]"
DATAUNITS= "Power/Area"
FRED_FILENAME= "blackbody-studies.frd"
DATETIME= "Friday, July 12, 2024 06:11:07 (Central Daylight Time)"
ORIGIN_POSITION= 0 0 0.03
BINARY= FALSE
HOLE_VALUE= 1e+308
!------------------------------------------------------------------------
A_AXIS_MIN= -0.03333
A_AXIS_MAX= 0.03333
A_AXIS_DIM= 21
A_AXIS_LABEL= "Local X Axis"
A_AXIS_TYPE= Spatial
A_AXIS_UNITS= mm
A_AXIS_DIR= 1 0 0
!------------------------------------------------------------------------
B_AXIS_MIN= -0.03333
B_AXIS_MAX= 0.03333
B_AXIS_DIM= 21
B_AXIS_LABEL= "Local Y Axis"
B_AXIS_TYPE= Spatial
B_AXIS_UNITS= mm
B_AXIS_DIR= 0 1 0
!------------------------------------------------------------------------
DEA_TIMING= At Trace End
NUMBER_OF_RAYS_USED= 173127
DEA_SIDEDNESS= Both Sides
BeginData
 0.7225024916192 0.60440112279683 0.649061304284281 0.58653705020185 0.598446431931836 0.51309586286693 0.536914626326904 0.515080759821928 0.493246893316952 0.498209135704447 0.473397923766974 0.498209135704447 0.498209135704447 0.480345063109466 0.463473438991985 0.53195238393941 0.528975038506913 0.608370916706826 0.636159474076795 0.663948031446764 0.721510043141701
 0.643106613419287 0.599438880409335 0.65898578905927 0.53195238393941 0.5408844202369 0.459503645081989 0.472405475289475 0.487292202451959 0.418813257504534 0.404918978819549 0.411866118162042 0.461488542036987 0.488284650929458 0.442632020964508 0.47736771767697 0.514088311344429 0.480345063109466 0.560733389786878 0.589514395634346 0.624250092346808 0.689751691861736
 0.598446431931836 0.560733389786878 0.533937280894407 0.519050553731924 0.492254444839453 0.455533851171994 0.424767948369528 0.400949184909554 0.435684881622016 0.392017148612064 0.351326761034608 0.365221039719593 0.376137972972081 0.406903875774547 0.424767948369528 0.432707536189519 0.496224238749449 0.479352614631967 0.508133620479436 0.656008443626773 0.609363365184324
 0.640129267986791 0.561725838264377 0.494239341794451 0.443624469442007 0.446601814874504 0.375145524494582 0.415835912072037 0.380107766882077 0.344379621692116 0.343387173214617 0.306666579547157 0.321553306709641 0.34934186407961 0.361251245809597 0.37713042144958 0.379115318404578 0.432707536189519 0.460496093559488 0.50416382656944 0.529967486984412 0.591499292589344
 0.554778698921884 0.519050553731924 0.507141172001937 0.456526299649493 0.397971839477057 0.374153076017083 0.318575961277144 0.321553306709641 0.309643924979654 0.312621270412151 0.28582516151968 0.284832713042181 0.327507997574635 0.338424930827122 0.370183282107088 0.364228591242094 0.406903875774547 0.442632020964508 0.467443232901981 0.555771147399383 0.615318056049318
 0.551801353489388 0.494239341794451 0.396979390999558 0.38606245774707 0.385070009269571 0.301704337159663 0.292772300862173 0.290787403907175 0.260021501104709 0.260021501104709 0.260021501104709 0.236202737644735 0.239180083077232 0.265976191969702 0.274908228267192 0.345372070169615 0.357281451899602 0.424767948369528 0.439654675532011 0.497216687226948 0.556763595876882
 0.51309586286693 0.475382820721972 0.38606245774707 0.384077560792072 0.329492894529632 0.326515549097136 0.254066810239715 0.217346216572257 0.212383974184762 0.231240495257241 0.157799307922324 0.190550107679787 0.199482143977277 0.23223294373474 0.280862919132186 0.30468168259216 0.326515549097136 0.389039803179567 0.430722639234521 0.436677330099514 0.497216687226948
 0.494239341794451 0.467443232901981 0.401941633387053 0.353311657989606 0.286817609997179 0.262998846537205 0.238187634599733 0.231240495257241 0.197497247022279 0.154821962489827 0.175663380517304 0.16970868965231 0.182610519859796 0.198489695499778 0.25902905262721 0.289794955429676 0.364228591242094 0.356289003422103 0.421790602937031 0.442632020964508 0.519050553731924
 0.496224238749449 0.460496093559488 0.358273900377101 0.348349415602112 0.321553306709641 0.262006398059707 0.247119670897223 0.170701138129809 0.139935235327344 0.150852168579832 0.131003199029854 0.155814410967326 0.16970868965231 0.194519901589782 0.216353768094758 0.270938434357197 0.302696785637162 0.33147779148463 0.410873669684543 0.427745293802024 0.50416382656944
 0.490269547884455 0.436677330099514 0.421790602937031 0.337432482349624 0.320560858232142 0.213376422662261 0.191542556157286 0.165738895742315 0.135965441417348 0.102222193182386 0.125048508164861 0.131003199029854 0.12604095664236 0.18757276224729 0.211391525707263 0.237195186122234 0.263991295014704 0.373160627539584 0.374153076017083 0.447594263352002 0.474390372244473
 0.516073208299427 0.462480990514486 0.375145524494582 0.324530652142138 0.306666579547157 0.24116498003223 0.202459489409773 0.157799307922324 0.148867271624834 0.110161781002377 0.102222193182386 0.122071162732364 0.132988095984852 0.185587865292292 0.218338665049755 0.226278252869747 0.297734543249667 0.307659028024656 0.364228591242094 0.429730190757022 0.475382820721972
 0.478360166154469 0.436677330099514 0.37713042144958 0.314606167367149 0.27689312522219 0.244142325464726 0.180625622904798 0.189557659202288 0.139935235327344 0.101229744704887 0.0913052599298983 0.131003199029854 0.147874823147335 0.150852168579832 0.210399077229764 0.245134773942225 0.290787403907175 0.341402276259619 0.376137972972081 0.443624469442007 0.509126068956935
 0.474390372244473 0.481337511586965 0.367205936674591 0.350334312557109 0.301704337159663 0.273915779789693 0.222308458959751 0.204444386364771 0.176655828994802 0.127033405119858 0.137950338372346 0.15184461705733 0.155814410967326 0.18757276224729 0.215361319617259 0.260021501104709 0.294757197817171 0.328500446052133 0.36819838515209 0.470420578334477 0.480345063109466
 0.479352614631967 0.461488542036987 0.361251245809597 0.34934186407961 0.325523100619637 0.263991295014704 0.248112119374722 0.206429283319769 0.173678483562306 0.198489695499778 0.172686035084807 0.183602968337295 0.200474592454776 0.234217840689738 0.245134773942225 0.264983743492203 0.316591064322147 0.365221039719593 0.427745293802024 0.444616917919506 0.51309586286693
 0.482329960064464 0.451564057261998 0.451564057261998 0.379115318404578 0.358273900377101 0.288802506952177 0.292772300862173 0.24116498003223 0.195512350067281 0.182610519859796 0.206429283319769 0.219331113527254 0.201467040932274 0.245134773942225 0.301704337159663 0.306666579547157 0.338424930827122 0.402934081864552 0.404918978819549 0.466450784424482 0.537907074804403
 0.553786250444386 0.488284650929458 0.453548954216996 0.408888772729545 0.393009597089562 0.325523100619637 0.311628821934652 0.283840264564683 0.258036604149711 0.235210289167236 0.211391525707263 0.228263149824744 0.237195186122234 0.286817609997179 0.328500446052133 0.320560858232142 0.370183282107088 0.415835912072037 0.425760396847026 0.494239341794451 0.541876868714399
 0.54981645653439 0.572642771516865 0.481337511586965 0.42278305141453 0.411866118162042 0.372168179062085 0.370183282107088 0.324530652142138 0.31361371888965 0.333462688439628 0.288802506952177 0.281855367609685 0.298726991727166 0.305674131069659 0.330485343007131 0.367205936674591 0.385070009269571 0.445609366397005 0.494239341794451 0.524012796119418 0.56768052912937
 0.577605013904359 0.550808905011889 0.53195238393941 0.511110965911933 0.479352614631967 0.416828360549536 0.418813257504534 0.372168179062085 0.371175730584586 0.338424930827122 0.323538203664639 0.325523100619637 0.364228591242094 0.3592663488546 0.397971839477057 0.402934081864552 0.438662227054512 0.469428129856978 0.505156275046939 0.547831559579392 0.6311972316893
 0.626234989301806 0.624250092346808 0.528975038506913 0.511110965911933 0.491261996361954 0.466450784424482 0.418813257504534 0.392017148612064 0.410873669684543 0.367205936674591 0.337432482349624 0.356289003422103 0.385070009269571 0.452556505739497 0.429730190757022 0.493246893316952 0.461488542036987 0.5408844202369 0.559740941309379 0.594476638021841 0.615318056049318
 0.708608212934215 0.619287849959314 0.581574807814355 0.563710735219375 0.51309586286693 0.45851119660449 0.467443232901981 0.45851119660449 0.407896324252046 0.402934081864552 0.452556505739497 0.421790602937031 0.447594263352002 0.479352614631967 0.45851119660449 0.444616917919506 0.525005244596917 0.519050553731924 0.561725838264377 0.618295401481815 0.701661073591723
 0.721510043141701 0.649061304284281 0.636159474076795 0.602416225841832 0.569665426084368 0.526990141551915 0.503171378091941 0.533937280894407 0.508133620479436 0.489277099406957 0.450571608784499 0.465458335946983 0.499201584181946 0.512103414389431 0.525997693074416 0.541876868714399 0.560733389786878 0.56768052912937 0.669902722311758 0.624250092346808 0.745328806601675

