FRED_DATA_FILE
FILETYPE= Grid2D
DATATYPE= Double
VERSION= 2
PHYSICAL_MEANING= Irradiance
TITLE= "Irradiance"
INFO= "Produced by Detector Entity Node:  "SNSPD" [21]"
DATAUNITS= "Power/Area"
FRED_FILENAME= "blackbody-studies.frd"
DATETIME= "Saturday, July 20, 2024 05:53:25 (Central Daylight Time)"
ORIGIN_POSITION= 0 0 0.01
BINARY= FALSE
HOLE_VALUE= 1e+308
!------------------------------------------------------------------------
A_AXIS_MIN= -0.03333
A_AXIS_MAX= 0.03333
A_AXIS_DIM= 21
A_AXIS_LABEL= "Local X Axis"
A_AXIS_TYPE= Spatial
A_AXIS_UNITS= mm
A_AXIS_DIR= 1 0 0
!------------------------------------------------------------------------
B_AXIS_MIN= -0.03333
B_AXIS_MAX= 0.03333
B_AXIS_DIM= 21
B_AXIS_LABEL= "Local Y Axis"
B_AXIS_TYPE= Spatial
B_AXIS_UNITS= mm
B_AXIS_DIR= 0 1 0
!------------------------------------------------------------------------
DEA_TIMING= At Trace End
NUMBER_OF_RAYS_USED= 197336
DEA_SIDEDNESS= Both Sides
BeginData
 0.778079606359139 0.733419424871688 0.745328806601675 0.689751691861736 0.646083958851784 0.628219886256804 0.609363365184324 0.627227437779305 0.64112171646429 0.663948031446764 0.588521947156847 0.638144371031793 0.608370916706826 0.588521947156847 0.602416225841832 0.643106613419287 0.733419424871688 0.701661073591723 0.738381667259183 0.791973885044124 0.792966333521622
 0.811822854594102 0.7225024916192 0.767162673106651 0.670895170789257 0.62226519539181 0.568672977606869 0.560733389786878 0.60440112279683 0.534929729371906 0.53195238393941 0.553786250444386 0.573635219994364 0.538899523281902 0.5408844202369 0.593484189544342 0.663948031446764 0.687766794906738 0.705630867501719 0.71357045532171 0.702653522069222 0.756245739854163
 0.698683728159226 0.687766794906738 0.674864964699252 0.638144371031793 0.598446431931836 0.5408844202369 0.502178929614442 0.501186481136943 0.456526299649493 0.434692433144517 0.479352614631967 0.489277099406957 0.472405475289475 0.517065656776926 0.517065656776926 0.517065656776926 0.560733389786878 0.635167025599296 0.700668625114224 0.721510043141701 0.760215533764159
 0.682804552519244 0.698683728159226 0.663948031446764 0.562718286741876 0.496224238749449 0.484314857019462 0.44064712400951 0.383085112314573 0.367205936674591 0.362243694287096 0.354304106467105 0.370183282107088 0.439654675532011 0.39499449404456 0.426752845324525 0.447594263352002 0.516073208299427 0.577605013904359 0.600431328886834 0.699676176636725 0.663948031446764
 0.65005375276178 0.653031098194276 0.602416225841832 0.512103414389431 0.450571608784499 0.382092663837074 0.353311657989606 0.32254575518714 0.338424930827122 0.286817609997179 0.295749646294669 0.316591064322147 0.33147779148463 0.32254575518714 0.384077560792072 0.411866118162042 0.428737742279523 0.484314857019462 0.605393571274329 0.59546908649934 0.680819655564246
 0.660970686014268 0.628219886256804 0.519050553731924 0.473397923766974 0.433699984667018 0.369190833629589 0.317583512799645 0.269945985879698 0.234217840689738 0.248112119374722 0.22330090743725 0.260021501104709 0.238187634599733 0.263991295014704 0.300711888682164 0.367205936674591 0.401941633387053 0.484314857019462 0.507141172001937 0.602416225841832 0.65005375276178
 0.643106613419287 0.521035450686922 0.481337511586965 0.408888772729545 0.404918978819549 0.277885573699689 0.23223294373474 0.230248046779742 0.189557659202288 0.201467040932274 0.170701138129809 0.149859720102333 0.217346216572257 0.22330090743725 0.252081913284717 0.308651476502155 0.332470239962129 0.409881221207044 0.517065656776926 0.633182128644298 0.646083958851784
 0.611348262139322 0.569665426084368 0.479352614631967 0.432707536189519 0.319568409754643 0.279870470654687 0.247119670897223 0.181618071382297 0.143905029237339 0.120086265777366 0.137950338372346 0.137950338372346 0.145889926192337 0.172686035084807 0.228263149824744 0.281855367609685 0.327507997574635 0.396979390999558 0.460496093559488 0.565695632174372 0.61333315909432
 0.592491741066843 0.542869317191898 0.461488542036987 0.383085112314573 0.290787403907175 0.273915779789693 0.202459489409773 0.158791756399823 0.0922977084073972 0.101229744704887 0.0903128114523994 0.075426084289916 0.104207090137384 0.145889926192337 0.201467040932274 0.257044155672212 0.292772300862173 0.364228591242094 0.432707536189519 0.537907074804403 0.643106613419287
 0.643106613419287 0.517065656776926 0.467443232901981 0.376137972972081 0.298726991727166 0.222308458959751 0.171693586607308 0.144897477714838 0.0962675023173928 0.075426084289916 0.056569563217437 0.0486299753974458 0.0833656721099071 0.140927683804843 0.179633174427299 0.25009701632972 0.287810058474678 0.411866118162042 0.511110965911933 0.527982590029414 0.611348262139322
 0.597453983454338 0.525005244596917 0.461488542036987 0.397971839477057 0.295749646294669 0.221316010482252 0.215361319617259 0.131995647507353 0.0704638419024215 0.0426752845324525 0.0267961088924701 0.0496224238749447 0.0694713934249226 0.12604095664236 0.16970868965231 0.236202737644735 0.303689234114661 0.360258797332098 0.460496093559488 0.55874849283188 0.54981645653439
 0.602416225841832 0.55874849283188 0.464465887469484 0.365221039719593 0.305674131069659 0.243149876987227 0.167723792697313 0.129018302074856 0.112146677957375 0.065501599514927 0.0674864964699248 0.056569563217437 0.0903128114523994 0.129018302074856 0.172686035084807 0.235210289167236 0.291779852384674 0.351326761034608 0.469428129856978 0.571650323039366 0.649061304284281
 0.572642771516865 0.536914626326904 0.460496093559488 0.407896324252046 0.317583512799645 0.25009701632972 0.174670932039805 0.136957889894847 0.118101368822368 0.084358120587406 0.101229744704887 0.0932901568848961 0.107184435569881 0.139935235327344 0.1786407259498 0.235210289167236 0.295749646294669 0.389039803179567 0.45851119660449 0.557756044354381 0.605393571274329
 0.621272746914311 0.589514395634346 0.476375269199471 0.388047354702068 0.356289003422103 0.283840264564683 0.217346216572257 0.186580313769791 0.138942786849845 0.12604095664236 0.131003199029854 0.138942786849845 0.125048508164861 0.202459489409773 0.237195186122234 0.281855367609685 0.323538203664639 0.418813257504534 0.47736771767697 0.539891971759401 0.643106613419287
 0.664940479924263 0.57661256542686 0.498209135704447 0.439654675532011 0.380107766882077 0.316591064322147 0.229255598302243 0.216353768094758 0.192535004634785 0.168716241174811 0.183602968337295 0.189557659202288 0.181618071382297 0.211391525707263 0.215361319617259 0.315598615844648 0.371175730584586 0.38606245774707 0.469428129856978 0.623257643869309 0.664940479924263
 0.689751691861736 0.575620116949362 0.557756044354381 0.455533851171994 0.412858566639541 0.327507997574635 0.295749646294669 0.258036604149711 0.263991295014704 0.244142325464726 0.240172531554731 0.213376422662261 0.249104567852221 0.27689312522219 0.288802506952177 0.343387173214617 0.411866118162042 0.451564057261998 0.562718286741876 0.657993340581771 0.64112171646429
 0.66791782535676 0.644099061896786 0.571650323039366 0.526990141551915 0.406903875774547 0.373160627539584 0.339417379304621 0.328500446052133 0.296742094772168 0.272923331312195 0.307659028024656 0.31361371888965 0.292772300862173 0.34040982778212 0.376137972972081 0.407896324252046 0.481337511586965 0.481337511586965 0.581574807814355 0.656008443626773 0.702653522069222
 0.738381667259183 0.657000892104272 0.648068855806782 0.542869317191898 0.535922177849405 0.463473438991985 0.43171508771202 0.443624469442007 0.399956736432055 0.389039803179567 0.384077560792072 0.37713042144958 0.358273900377101 0.387054906224569 0.448586711829501 0.480345063109466 0.490269547884455 0.551801353489388 0.597453983454338 0.705630867501719 0.715555352276708
 0.689751691861736 0.748306152034172 0.672880067744255 0.673872516221753 0.577605013904359 0.524012796119418 0.508133620479436 0.542869317191898 0.478360166154469 0.441639572487009 0.476375269199471 0.466450784424482 0.503171378091941 0.519050553731924 0.521035450686922 0.526990141551915 0.594476638021841 0.646083958851784 0.657993340581771 0.746321255079174 0.779072054836638
 0.763192879196655 0.735404321826686 0.745328806601675 0.673872516221753 0.657000892104272 0.638144371031793 0.574627668471863 0.553786250444386 0.55874849283188 0.529967486984412 0.54981645653439 0.517065656776926 0.565695632174372 0.557756044354381 0.568672977606869 0.62226519539181 0.630204783211802 0.625242540824307 0.652038649716777 0.706623315979217 0.765177776151653
 0.810830406116603 0.741359012691679 0.664940479924263 0.743343909646677 0.687766794906738 0.645091510374285 0.678834758609248 0.654023546671775 0.607378468229327 0.629212334734303 0.587529498679348 0.593484189544342 0.592491741066843 0.614325607571819 0.619287849959314 0.698683728159226 0.711585558366712 0.729449630961692 0.776094709404141 0.779072054836638 0.78601919417913

