FRED_DATA_FILE
FILETYPE= Grid2D
DATATYPE= Double
VERSION= 2
PHYSICAL_MEANING= Irradiance
TITLE= "Irradiance"
INFO= "Produced by Detector Entity Node:  "SNSPD" [21]"
DATAUNITS= "Power/Area"
FRED_FILENAME= "blackbody-studies.frd"
DATETIME= "Thursday, June 27, 2024 04:20:25 (Central Daylight Time)"
ORIGIN_POSITION= 0 0 0.02
BINARY= FALSE
HOLE_VALUE= 1e+308
!------------------------------------------------------------------------
A_AXIS_MIN= -0.1
A_AXIS_MAX= 0.1
A_AXIS_DIM= 21
A_AXIS_LABEL= "Local X Axis"
A_AXIS_TYPE= Spatial
A_AXIS_UNITS= mm
A_AXIS_DIR= 1 0 0
!------------------------------------------------------------------------
B_AXIS_MIN= -0.1
B_AXIS_MAX= 0.1
B_AXIS_DIM= 21
B_AXIS_LABEL= "Local Y Axis"
B_AXIS_TYPE= Spatial
B_AXIS_UNITS= mm
B_AXIS_DIR= 0 1 0
!------------------------------------------------------------------------
DEA_TIMING= At Trace End
NUMBER_OF_RAYS_USED= 147733
DEA_SIDEDNESS= Both Sides
BeginData
 0.128441250094376 0.136710000100452 0.125960625092553 0.121826250089515 0.124031250091135 0.115486875084857 0.121550625089313 0.103635000076149 0.116313750085465 0.102532500075339 0.107769375079187 0.104186250076554 0.106666875078376 0.122101875089718 0.118518750087085 0.112730625082832 0.131473125096604 0.12348000009073 0.122101875089718 0.137536875101059 0.135056250099237
 0.132024375097009 0.12568500009235 0.143600625105515 0.116038125085262 0.116589375085667 0.112455000082629 0.109147500080199 0.0995006250731109 0.0942637500692631 0.0978468750718958 0.109147500080199 0.0956418750702757 0.106115625077971 0.103359375075946 0.109147500080199 0.112179375082427 0.111628125082022 0.125133750091945 0.132300000097211 0.135056250099237 0.119896875088097
 0.135331875099439 0.123755625090933 0.122653125090123 0.119621250087895 0.109423125080402 0.115486875084857 0.0956418750702757 0.100051875073516 0.101154375074326 0.093712500068858 0.0953662500700731 0.0813093750597446 0.0967443750710857 0.0975712500716933 0.101154375074326 0.105840000077769 0.108596250079794 0.102256875075136 0.111076875081617 0.116313750085465 0.130095000095591
 0.116313750085465 0.113281875083237 0.112455000082629 0.107769375079187 0.104186250076554 0.101154375074326 0.08627062506339 0.100051875073516 0.093712500068858 0.086821875063795 0.0755212500554917 0.0837900000615673 0.0818606250601497 0.0923343750678454 0.0975712500716933 0.0945393750694656 0.0989493750727059 0.113281875083237 0.116038125085262 0.107493750078984 0.12348000009073
 0.115211250084655 0.109974375080807 0.105288750077364 0.0975712500716933 0.0992250000729084 0.0873731250642001 0.0854437500627824 0.0915075000672379 0.0752456250552892 0.0771750000567068 0.0733162500538715 0.0733162500538715 0.0768993750565043 0.0895781250658202 0.0802068750589345 0.0887512500652127 0.0950906250698706 0.106666875078376 0.109147500080199 0.112179375082427 0.110525625081212
 0.119621250087895 0.115486875084857 0.107769375079187 0.0942637500692631 0.0956418750702757 0.0829631250609597 0.0934368750686555 0.0672525000494161 0.0768993750565043 0.0606375000445556 0.0680793750500236 0.0780018750573144 0.0711112500522514 0.0785531250577194 0.073040625053669 0.0804825000591371 0.0953662500700731 0.0981225000720983 0.104186250076554 0.104737500076959 0.11686500008587
 0.127890000093971 0.107218125078782 0.0959175000704782 0.0961931250706807 0.0857193750629849 0.0802068750589345 0.0788287500579219 0.0689062500506312 0.0578812500425303 0.0617400000453657 0.0554006250407076 0.0542981250398974 0.066701250049011 0.0614643750451631 0.0733162500538715 0.0782775000575169 0.0948150000696681 0.101154375074326 0.0904050000664278 0.109423125080402 0.1201725000883
 0.108045000079389 0.105288750077364 0.0948150000696681 0.0865462500635925 0.0780018750573144 0.0760725000558967 0.0680793750500236 0.0589837500433404 0.0554006250407076 0.0454781250334166 0.0485100000356444 0.0454781250334166 0.0523687500384798 0.0584325000429353 0.0705600000518463 0.0777262500571119 0.093161250068453 0.0926100000680479 0.0972956250714908 0.102256875075136 0.115211250084655
 0.100051875073516 0.100603125073921 0.0904050000664278 0.0904050000664278 0.0744187500546816 0.0719381250528589 0.0700087500514413 0.0559518750411126 0.0518175000380747 0.0465806250342267 0.0443756250326065 0.0460293750338216 0.0487856250358469 0.0554006250407076 0.0675281250496186 0.0650475000477959 0.0755212500554917 0.0859950000631875 0.0898537500660227 0.106115625077971 0.105840000077769
 0.113557500083439 0.105013125077161 0.0956418750702757 0.0882000000648076 0.0788287500579219 0.0735918750540741 0.0647718750475934 0.0504393750370621 0.0441000000324039 0.0383118750281509 0.0396900000291635 0.0377606250277458 0.0482343750354418 0.0482343750354418 0.0529200000388848 0.0611887500449606 0.0727650000534665 0.0815850000599471 0.0870975000639975 0.0992250000729084 0.120448125088502
 0.105013125077161 0.0964687500708832 0.0846168750621749 0.0755212500554917 0.072489375053264 0.0694575000510363 0.0609131250447581 0.0416193750305812 0.0465806250342267 0.0372093750273408 0.0352800000259231 0.0402412500295686 0.0385875000283534 0.0520931250382772 0.0531956250390873 0.0642206250471884 0.0713868750524539 0.0904050000664278 0.0909562500668328 0.104461875076756 0.103359375075946
 0.0986737500725034 0.0972956250714908 0.0887512500652127 0.0829631250609597 0.0722137500530615 0.0711112500522514 0.0584325000429353 0.0548493750403025 0.0350043750257205 0.0327993750241003 0.039414375028961 0.0471318750346317 0.0501637500368595 0.0509906250374671 0.0620156250455682 0.0620156250455682 0.0917831250674404 0.0802068750589345 0.0939881250690605 0.104737500076959 0.111628125082022
 0.110250000081009 0.107493750078984 0.0967443750710857 0.0848925000623774 0.0771750000567068 0.0636693750467833 0.0636693750467833 0.0581568750427328 0.049336875036252 0.0474075000348343 0.0485100000356444 0.0454781250334166 0.0487856250358469 0.0537468750394924 0.059810625043948 0.0678037500498211 0.0768993750565043 0.0873731250642001 0.0950906250698706 0.108320625079592 0.11466000008425
 0.117691875086477 0.105288750077364 0.0975712500716933 0.0882000000648076 0.0727650000534665 0.0810337500595421 0.0581568750427328 0.0658743750484035 0.0512662500376696 0.0584325000429353 0.0515418750378722 0.0474075000348343 0.0554006250407076 0.0647718750475934 0.0669768750492136 0.079931250058732 0.0788287500579219 0.0890268750654152 0.104186250076554 0.106666875078376 0.111076875081617
 0.116038125085262 0.110801250081414 0.0997762500733135 0.0928856250682505 0.0939881250690605 0.0735918750540741 0.0735918750540741 0.0633937500465808 0.0592593750435429 0.0537468750394924 0.0501637500368595 0.0548493750403025 0.0565031250415177 0.065598750048201 0.0702843750516438 0.0848925000623774 0.086821875063795 0.0950906250698706 0.100603125073921 0.110525625081212 0.110525625081212
 0.112730625082832 0.113833125083642 0.119896875088097 0.0950906250698706 0.0964687500708832 0.0744187500546816 0.0697331250512388 0.0738675000542766 0.0658743750484035 0.0686306250504287 0.0606375000445556 0.0633937500465808 0.0669768750492136 0.073040625053669 0.0785531250577194 0.08627062506339 0.100327500073719 0.101430000074529 0.113557500083439 0.112455000082629 0.123755625090933
 0.12458250009154 0.106391250078174 0.110525625081212 0.113281875083237 0.0997762500733135 0.0909562500668328 0.0978468750718958 0.0810337500595421 0.0802068750589345 0.0744187500546816 0.0722137500530615 0.0746943750548841 0.0771750000567068 0.0829631250609597 0.0818606250601497 0.0959175000704782 0.0983981250723009 0.100878750074124 0.12348000009073 0.12348000009073 0.128441250094376
 0.12348000009073 0.136158750100047 0.116313750085465 0.113006250083034 0.108045000079389 0.0956418750702757 0.0920587500676429 0.0959175000704782 0.0802068750589345 0.08627062506339 0.0904050000664278 0.0832387500611623 0.0837900000615673 0.0928856250682505 0.0879243750646051 0.105288750077364 0.119345625087692 0.112179375082427 0.111076875081617 0.1201725000883 0.124306875091338
 0.127338750093566 0.126511875092958 0.12127500008911 0.11686500008587 0.11576250008506 0.111076875081617 0.102532500075339 0.0928856250682505 0.0824118750605547 0.0967443750710857 0.0876487500644026 0.0840656250617698 0.0959175000704782 0.0934368750686555 0.101705625074731 0.107493750078984 0.11576250008506 0.120448125088502 0.11576250008506 0.129543750095186 0.127063125093363
 0.133126875097819 0.128716875094578 0.124858125091743 0.119621250087895 0.111352500081819 0.121550625089313 0.110801250081414 0.109423125080402 0.0992250000729084 0.108320625079592 0.100327500073719 0.102256875075136 0.100878750074124 0.103359375075946 0.113557500083439 0.1201725000883 0.113281875083237 0.115486875084857 0.126787500093161 0.137812500101262 0.127338750093566
 0.131473125096604 0.131197500096401 0.131197500096401 0.114108750083845 0.11796750008668 0.124031250091135 0.108871875079997 0.114108750083845 0.115211250084655 0.109698750080604 0.116038125085262 0.0970200000712883 0.107493750078984 0.109698750080604 0.114108750083845 0.111628125082022 0.12458250009154 0.126787500093161 0.123755625090933 0.12568500009235 0.138363750101667

